	SRR12162467	SRR12162489	SRR12162698	SRR12162620	SRR12162674	SRR12162696	SRR12162682	SRR12162559	SRR12162648	SRR12162600	SRR12162670	SRR12162709	SRR12162578	SRR12162598	SRR12162703	SRR12162712	SRR12162681	SRR12162533	SRR12162539	SRR12162638	SRR12162500	SRR12162617	SRR12162629	SRR12162687	SRR12162637	SRR12162613	SRR12162595	SRR12162567	SRR12162511	SRR12162690	SRR12162546	SRR12162649	SRR12162647	SRR12162641	SRR12162636	SRR12162609	SRR12162478	SRR12162704	SRR12162502	SRR12162534	SRR12162668	SRR12162566	SRR12162640	SRR12162707	SRR12162513	SRR12162602	SRR12162654	SRR12162723	SRR12162684	SRR12162688	SRR12162657	SRR12162494	SRR12162699	SRR12162711	SRR12162679	SRR12162611	SRR12162725	SRR12162622	SRR12162597	SRR12162495	SRR12162729	SRR12162589	SRR12162521	SRR12162523	SRR12162718	SRR12162656	SRR12162705	SRR12162616	SRR12162550	SRR12162710	SRR12162504	SRR12162666	SRR12162612	SRR12162669	SRR12162702	SRR12162623	SRR12162529	SRR12162716	SRR12162655	SRR12162678	SRR12162626	SRR12162627	SRR12162719	SRR12162732	SRR12162490	SRR12162743	SRR12162541	SRR12162733	SRR12162736	SRR12162665	SRR12162624	SRR12162573	SRR12162738	SRR12162547	SRR12162563	SRR12162498	SRR12162672	SRR12162461	SRR12162466	SRR12162675	SRR12162593	SRR12162487	SRR12162689	SRR12162514	SRR12162462	SRR12162517	SRR12162664	SRR12162713	SRR12162530	SRR12162486	SRR12162596	SRR12162632	SRR12162542	SRR12162715	SRR12162465	SRR12162576	SRR12162497	SRR12162560	SRR12162639	SRR12162683	SRR12162510	SRR12162735	SRR12162619	SRR12162607	SRR12162505	SRR12162532	SRR12162577	SRR12162522	SRR12162475	SRR12162527	SRR12162549	SRR12162469	SRR12162695	SRR12162554	SRR12162634	SRR12162548
SRR12162467	0	0.127112	0.355748	0.144777	0.314496	0.168395	0.127128	0.168419	0.414199	0.327925	0.193165	0.198847	0.401675	0.279591	0.529252	0.400072	0.0804924	0.23579	0.409412	0.146472	0.189149	0.281246	0.345041	0.460692	0.197486	0.332317	0.280066	0.353455	0.226603	0.357928	0.282694	0.440442	0.451029	0.231436	0.22816	0.301437	0.300425	0.437779	0.209099	0.432811	0.469859	0.292646	0.253186	0.193568	0.256733	0.549201	0.64753	0.356758	0.326863	0.148279	0.433836	0.460392	0.306341	0.364901	0.179889	0.141857	0.321347	0.13959	0.246748	0.3733	0.453271	0.402628	0.160147	0.788996	0.191931	0.307428	0.468371	0.301602	0.142937	0.49864	0.194645	0.181899	0.167068	0.314799	0.239202	0.16154	0.459478	0.268807	0.290386	0.142957	0.293872	0.389205	0.107582	0.363097	0.218367	0.432819	0.564298	0.254722	0.566713	0.149882	0.248767	0.30665	0.499384	0.381129	0.640338	0.612945	0.376367	0.448039	0.463169	0.345211	0.412806	0.62024	0.107317	0.207255	0.452979	0.480675	0.142122	0.304507	0.237881	0.294163	0.467348	0.239361	0.338167	0.292894	0.138854	0.361686	0.445202	0.286373	0.390236	0.109693	0.461239	0.369643	0.394094	0.730203	0.402632	0.336297	0.319535	0.0976099	0.169157	0.244617	0.663358	0.229795	0.168593	0.191864	0.116238	0.547577
SRR12162489	0.127112	0	0.420518	0.214358	0.4073	0.260885	0.204637	0.194832	0.310547	0.294351	0.276946	0.294519	0.365544	0.17787	0.482445	0.357663	0.185407	0.200006	0.47623	0.199299	0.258121	0.254369	0.435703	0.429358	0.286646	0.423185	0.353394	0.320517	0.293947	0.427112	0.170601	0.336252	0.348057	0.319415	0.142827	0.39316	0.274408	0.396898	0.24613	0.50619	0.43426	0.378459	0.271671	0.29804	0.220207	0.627855	0.600858	0.31968	0.419357	0.164633	0.522199	0.52703	0.369203	0.324682	0.123921	0.218915	0.301141	0.130468	0.336869	0.423631	0.52549	0.366863	0.219906	0.825836	0.290993	0.390806	0.424515	0.367362	0.199844	0.580898	0.263416	0.282112	0.255283	0.405727	0.331596	0.231548	0.542866	0.345202	0.383817	0.15142	0.388443	0.461455	0.16302	0.44723	0.251465	0.510838	0.634028	0.333177	0.644785	0.162846	0.342165	0.212726	0.574515	0.461575	0.701807	0.674123	0.46748	0.52387	0.540213	0.438412	0.377617	0.673104	0.184728	0.171488	0.532063	0.541579	0.221347	0.397401	0.330936	0.374243	0.542247	0.343992	0.426562	0.371365	0.168505	0.273675	0.515354	0.252981	0.461892	0.19423	0.541823	0.279814	0.393852	0.779938	0.292723	0.223905	0.22998	0.148908	0.235735	0.324225	0.721287	0.277271	0.259991	0.284366	0.208097	0.617463
SRR12162698	0.355748	0.420518	0	0.338524	0.254377	0.384421	0.286563	0.375475	0.606836	0.540774	0.315328	0.333395	0.610134	0.48582	0.708155	0.592176	0.334484	0.40168	0.523884	0.33465	0.245362	0.457819	0.201968	0.626178	0.320181	0.255284	0.142771	0.548317	0.197898	0.544972	0.479215	0.626185	0.635476	0.338496	0.421385	0.344348	0.563577	0.628451	0.30283	0.288058	0.657861	0.279461	0.385064	0.375885	0.453708	0.361281	0.801284	0.553689	0.162942	0.337671	0.250875	0.453273	0.0928263	0.5492	0.473947	0.30079	0.512416	0.366855	0.20003	0.583662	0.296766	0.58237	0.303845	0.649933	0.313469	0.434539	0.666978	0.0874696	0.398806	0.303051	0.291199	0.292379	0.265321	0.284983	0.252453	0.296639	0.230697	0.397518	0.217488	0.341688	0.190479	0.549519	0.331958	0.241909	0.282619	0.292958	0.348936	0.177637	0.380189	0.357549	0.241542	0.505484	0.308741	0.238512	0.454158	0.478045	0.153386	0.23103	0.262947	0.19289	0.582643	0.384771	0.317094	0.402446	0.226693	0.199864	0.312759	0.19677	0.295604	0.290383	0.392781	0.228033	0.207429	0.365827	0.35049	0.587085	0.51572	0.379649	0.355043	0.358926	0.207688	0.602925	0.583799	0.567384	0.596767	0.546236	0.556706	0.366787	0.283458	0.322398	0.486313	0.400438	0.289937	0.300953	0.337198	0.332776
SRR12162620	0.144777	0.214358	0.338524	0	0.286299	0.200437	0.141973	0.134155	0.42634	0.360189	0.157017	0.21762	0.436657	0.300828	0.544018	0.402925	0.128605	0.218262	0.4346	0.124497	0.146488	0.314793	0.334681	0.473184	0.194218	0.314665	0.254775	0.385735	0.188105	0.37266	0.27228	0.453547	0.47036	0.197359	0.216127	0.300195	0.377469	0.454927	0.191441	0.478128	0.484352	0.290072	0.247185	0.211447	0.228162	0.568959	0.669998	0.371828	0.335147	0.163821	0.450007	0.472332	0.291246	0.358928	0.223593	0.162669	0.336047	0.165169	0.240226	0.3941	0.520812	0.43147	0.157683	0.794425	0.188709	0.348095	0.487083	0.29383	0.155109	0.512551	0.18645	0.191265	0.183843	0.28416	0.203856	0.127809	0.468813	0.27582	0.291394	0.13541	0.306345	0.351101	0.145271	0.341274	0.220001	0.473954	0.54963	0.22781	0.600503	0.138842	0.223761	0.306436	0.493492	0.361807	0.627412	0.653248	0.392818	0.426769	0.440701	0.377447	0.395787	0.598189	0.0934246	0.223268	0.431687	0.469775	0.142252	0.272432	0.215439	0.333846	0.441121	0.253419	0.320956	0.311802	0.151928	0.393423	0.421891	0.275253	0.402391	0.122261	0.458977	0.413651	0.384372	0.72607	0.424818	0.354061	0.339754	0.146092	0.116266	0.203986	0.670949	0.21565	0.187627	0.171138	0.168446	0.532525
SRR12162674	0.314496	0.4073	0.254377	0.286299	0	0.258153	0.2989	0.318462	0.593142	0.371408	0.250711	0.190273	0.45917	0.477141	0.594851	0.558174	0.28624	0.352915	0.355741	0.328223	0.23915	0.409053	0.132465	0.499962	0.236469	0.0824904	0.210435	0.398108	0.204442	0.414764	0.473955	0.61338	0.622954	0.211142	0.41374	0.161203	0.52734	0.50244	0.307794	0.319957	0.518705	0.190575	0.272206	0.194278	0.42615	0.384958	0.73252	0.38895	0.138303	0.352581	0.248225	0.273991	0.232271	0.509971	0.385934	0.265809	0.351363	0.351054	0.149381	0.424812	0.327048	0.469411	0.30901	0.670512	0.198901	0.319724	0.537515	0.208875	0.299604	0.303848	0.295266	0.178391	0.209598	0.0684773	0.168873	0.270309	0.278249	0.244188	0.0992183	0.338948	0.134054	0.367942	0.337804	0.154578	0.31949	0.267791	0.373935	0.246333	0.400194	0.328057	0.132015	0.484368	0.300835	0.151371	0.462745	0.514954	0.215761	0.226817	0.221839	0.175485	0.420118	0.510891	0.257991	0.429465	0.252712	0.338114	0.273873	0.13303	0.172702	0.270911	0.230377	0.152645	0.208031	0.20955	0.3533	0.544432	0.350406	0.383374	0.198745	0.270737	0.282416	0.564363	0.415046	0.586038	0.610875	0.527621	0.49408	0.309965	0.265777	0.270851	0.540241	0.269688	0.225722	0.234317	0.266353	0.336321
SRR12162696	0.168395	0.260885	0.384421	0.200437	0.258153	0	0.172223	0.190972	0.479309	0.223524	0.146203	0.147031	0.328047	0.323296	0.510866	0.446302	0.208682	0.217613	0.349877	0.211061	0.175246	0.285698	0.277055	0.366567	0.157665	0.263566	0.281958	0.268562	0.198572	0.343952	0.348299	0.499156	0.507917	0.180641	0.271394	0.219463	0.395607	0.422097	0.165588	0.471799	0.36288	0.258221	0.177355	0.128075	0.280193	0.536122	0.643993	0.312613	0.291788	0.244185	0.399273	0.394703	0.308671	0.378806	0.265715	0.110918	0.28001	0.193852	0.225962	0.298521	0.463198	0.362531	0.23751	0.72971	0.140353	0.314363	0.44799	0.307999	0.190993	0.462722	0.293834	0.140737	0.215394	0.254548	0.201307	0.160033	0.459533	0.250594	0.221435	0.20948	0.250384	0.320432	0.231059	0.32504	0.329598	0.420441	0.535868	0.321051	0.551748	0.271945	0.23963	0.360525	0.440784	0.324295	0.619976	0.630966	0.361975	0.382693	0.388022	0.353382	0.359542	0.65096	0.155906	0.273984	0.404157	0.47568	0.270678	0.254265	0.186286	0.32701	0.378481	0.250168	0.34681	0.282201	0.219592	0.415589	0.361906	0.250862	0.334606	0.187526	0.427203	0.427053	0.330579	0.709444	0.477357	0.386092	0.361005	0.18012	0.200509	0.33668	0.658136	0.131443	0.207144	0.171246	0.230314	0.497381
SRR12162682	0.127128	0.204637	0.286563	0.141973	0.2989	0.172223	0	0.160085	0.420369	0.34007	0.156547	0.196537	0.417426	0.245846	0.559123	0.405458	0.133013	0.201133	0.365711	0.095676	0.0797033	0.331985	0.301996	0.453453	0.178768	0.308108	0.230588	0.374862	0.118297	0.392665	0.275833	0.445547	0.457471	0.208146	0.196334	0.246419	0.369805	0.470291	0.156602	0.4456	0.460487	0.23631	0.240656	0.213185	0.230723	0.532948	0.680075	0.384311	0.285614	0.115905	0.406302	0.415634	0.212345	0.348622	0.262833	0.127205	0.350545	0.128088	0.209673	0.381601	0.469904	0.426361	0.0990354	0.737567	0.187108	0.32273	0.500359	0.211616	0.188349	0.477356	0.173067	0.145901	0.178249	0.285818	0.211401	0.127359	0.452034	0.282361	0.238849	0.129436	0.266282	0.369791	0.139454	0.337942	0.184242	0.418473	0.557065	0.20009	0.551577	0.186992	0.245615	0.290666	0.487286	0.340456	0.639024	0.629803	0.377893	0.399792	0.409804	0.361093	0.420478	0.600762	0.108429	0.20277	0.397215	0.421383	0.188497	0.284092	0.207917	0.336147	0.409293	0.244291	0.339443	0.313839	0.125858	0.409073	0.391797	0.22519	0.349875	0.132145	0.416276	0.41862	0.406027	0.725165	0.427186	0.338832	0.355876	0.151873	0.0891092	0.285826	0.658131	0.218628	0.182973	0.168063	0.168301	0.51528
SRR12162559	0.168419	0.194832	0.375475	0.134155	0.318462	0.190972	0.160085	0	0.384047	0.278486	0.134492	0.249698	0.364372	0.247778	0.488251	0.350979	0.174797	0.149743	0.422812	0.152612	0.170316	0.293031	0.349455	0.398546	0.207075	0.354745	0.279105	0.314332	0.217826	0.406572	0.257238	0.412804	0.427396	0.184763	0.168521	0.293759	0.351448	0.405838	0.131349	0.506867	0.401083	0.271828	0.161475	0.21891	0.147824	0.606543	0.639496	0.308948	0.354483	0.198852	0.4655	0.46791	0.31962	0.293992	0.207786	0.153554	0.289586	0.124824	0.264692	0.355191	0.546051	0.388533	0.178728	0.775107	0.177206	0.375703	0.426774	0.323359	0.135178	0.536754	0.230738	0.211889	0.236872	0.303697	0.234688	0.109946	0.497146	0.319008	0.312135	0.15508	0.328171	0.342537	0.185628	0.388748	0.253576	0.496049	0.573826	0.281277	0.615664	0.192267	0.289788	0.243564	0.528111	0.365649	0.659321	0.680696	0.416272	0.452552	0.456468	0.409265	0.321213	0.626682	0.112231	0.215705	0.44328	0.473843	0.194798	0.323306	0.246897	0.371125	0.422193	0.301351	0.377211	0.353856	0.16253	0.367264	0.413661	0.201488	0.408713	0.166465	0.463588	0.389687	0.302697	0.743082	0.405962	0.291572	0.312334	0.166925	0.132826	0.309861	0.699104	0.126612	0.23525	0.160722	0.211841	0.532655
SRR12162648	0.414199	0.310547	0.606836	0.42634	0.593142	0.479309	0.420369	0.384047	0	0.440737	0.453509	0.516399	0.425547	0.206308	0.332532	0.261859	0.435902	0.342524	0.632157	0.388714	0.449531	0.440698	0.621046	0.375074	0.489872	0.61908	0.566725	0.369377	0.490869	0.602377	0.202503	0.0526184	0.0755715	0.486739	0.29201	0.570076	0.297326	0.412626	0.410491	0.679949	0.459858	0.543333	0.439948	0.498069	0.319346	0.773096	0.491747	0.461028	0.616235	0.353673	0.696446	0.672863	0.563549	0.231319	0.349903	0.433151	0.478809	0.337249	0.547122	0.580309	0.71459	0.347994	0.416645	0.898933	0.473479	0.594406	0.387683	0.570587	0.408221	0.731034	0.446564	0.505118	0.492765	0.582287	0.511866	0.417514	0.711724	0.547929	0.582635	0.353849	0.596832	0.57602	0.403556	0.640504	0.426943	0.686798	0.762605	0.538177	0.790901	0.413374	0.557545	0.207692	0.722106	0.637961	0.813586	0.798815	0.666612	0.691332	0.694814	0.635205	0.426678	0.791597	0.402215	0.314693	0.689828	0.703852	0.46168	0.581916	0.533594	0.592766	0.667754	0.557043	0.61803	0.574819	0.36161	0.220019	0.654849	0.405219	0.632544	0.437209	0.702774	0.198486	0.526028	0.869277	0.183192	0.173729	0.216799	0.399734	0.418234	0.537096	0.823556	0.445409	0.489016	0.467774	0.44962	0.756832
SRR12162600	0.327925	0.294351	0.540774	0.360189	0.371408	0.223524	0.34007	0.278486	0.440737	0	0.280959	0.259784	0.162634	0.31211	0.360931	0.408191	0.370816	0.173772	0.340158	0.371046	0.347512	0.263269	0.421172	0.266953	0.271879	0.383647	0.476869	0.135574	0.379863	0.349319	0.361595	0.466235	0.472715	0.23821	0.32743	0.271343	0.382366	0.283646	0.271666	0.470158	0.221286	0.367419	0.188805	0.204299	0.252187	0.578786	0.542741	0.139233	0.437005	0.401164	0.451001	0.385919	0.485169	0.334077	0.255028	0.263809	0.176391	0.28447	0.400701	0.284885	0.464019	0.292396	0.403781	0.757094	0.24551	0.328643	0.274365	0.466286	0.324781	0.492256	0.466407	0.334685	0.37417	0.334614	0.34244	0.315223	0.570043	0.302831	0.382112	0.383001	0.426685	0.305084	0.368499	0.424842	0.497132	0.444786	0.598472	0.506709	0.601753	0.439799	0.413924	0.329686	0.482216	0.431592	0.666058	0.625139	0.517185	0.458519	0.444833	0.458888	0.186098	0.729804	0.312083	0.426685	0.45847	0.576586	0.448178	0.438269	0.363358	0.483917	0.402086	0.452965	0.504601	0.337473	0.368427	0.432976	0.398555	0.269977	0.351303	0.366724	0.539039	0.443465	0.248663	0.742696	0.46521	0.343835	0.38072	0.365169	0.360549	0.46821	0.713969	0.226634	0.373382	0.30981	0.413893	0.536003
SRR12162670	0.193165	0.276946	0.315328	0.157017	0.250711	0.146203	0.156547	0.134492	0.453509	0.280959	0	0.189454	0.374634	0.30542	0.50723	0.419584	0.186807	0.170694	0.325455	0.154733	0.133069	0.301762	0.276619	0.388235	0.117009	0.281397	0.240907	0.327613	0.158015	0.352337	0.338896	0.481654	0.49311	0.108519	0.222972	0.201201	0.413621	0.424346	0.124473	0.443177	0.386848	0.153388	0.139914	0.158281	0.21698	0.553274	0.662889	0.318365	0.268979	0.224541	0.401461	0.385478	0.249788	0.352423	0.292809	0.10664	0.298812	0.206735	0.185497	0.300841	0.489696	0.405556	0.169717	0.716845	0.10782	0.317539	0.445126	0.257248	0.18611	0.476166	0.266826	0.151986	0.194116	0.231393	0.155845	0.100131	0.428645	0.25704	0.217333	0.198319	0.250519	0.285127	0.207011	0.319761	0.288548	0.431175	0.535008	0.282511	0.559062	0.239625	0.241812	0.314429	0.47467	0.296318	0.609774	0.641763	0.358338	0.370685	0.377839	0.335153	0.338712	0.580773	0.124986	0.275836	0.366285	0.403245	0.237421	0.248669	0.191282	0.354594	0.308846	0.259205	0.321533	0.291544	0.211963	0.443458	0.360428	0.1721	0.300805	0.184214	0.383864	0.458487	0.319687	0.705779	0.479678	0.351616	0.391451	0.190191	0.131977	0.305772	0.645827	0.103815	0.207962	0.0930277	0.234461	0.482024
SRR12162709	0.198847	0.294519	0.333395	0.21762	0.190273	0.147031	0.196537	0.249698	0.516399	0.259784	0.189454	0	0.349441	0.392517	0.51537	0.497228	0.179296	0.291572	0.300658	0.247245	0.184289	0.297712	0.224035	0.423172	0.1217	0.199519	0.27876	0.294559	0.203794	0.31584	0.406615	0.534837	0.54753	0.176683	0.34207	0.180158	0.42409	0.420215	0.240374	0.398342	0.431125	0.233017	0.217664	0.083626	0.351569	0.481601	0.646584	0.31629	0.247287	0.265471	0.345959	0.34357	0.297671	0.443099	0.289825	0.146931	0.280077	0.250342	0.210059	0.310989	0.385709	0.347756	0.245834	0.725398	0.149463	0.218183	0.446637	0.271764	0.252	0.39418	0.294126	0.144162	0.179019	0.187889	0.166613	0.212139	0.405067	0.174065	0.187813	0.274949	0.212087	0.305554	0.237762	0.270764	0.325107	0.344441	0.47592	0.313072	0.51126	0.259897	0.192746	0.422134	0.38694	0.285087	0.582431	0.53101	0.299094	0.351483	0.3567	0.260271	0.382605	0.61118	0.191815	0.349854	0.37518	0.44581	0.255512	0.220539	0.164337	0.29079	0.348924	0.240774	0.295093	0.201029	0.274119	0.479428	0.332852	0.310886	0.280589	0.199774	0.395104	0.490594	0.360969	0.670965	0.522912	0.438108	0.428495	0.243579	0.208691	0.291366	0.632553	0.193518	0.188418	0.181244	0.226199	0.443556
SRR12162578	0.401675	0.365544	0.610134	0.436657	0.45917	0.328047	0.417426	0.364372	0.425547	0.162634	0.374634	0.349441	0	0.310814	0.261221	0.402419	0.442386	0.290693	0.364652	0.446767	0.42871	0.210218	0.505731	0.282784	0.346969	0.47239	0.551491	0.0891563	0.459371	0.261209	0.413339	0.424915	0.445134	0.350888	0.400818	0.370366	0.245122	0.159724	0.372345	0.491072	0.237114	0.45355	0.31493	0.302524	0.349519	0.632016	0.402653	0.181872	0.51952	0.469637	0.521095	0.43132	0.557278	0.336547	0.295225	0.350147	0.17939	0.363508	0.480545	0.245116	0.519117	0.154365	0.476487	0.794634	0.352068	0.327774	0.164703	0.539832	0.405795	0.553921	0.538388	0.419098	0.453862	0.424031	0.430209	0.398306	0.64482	0.322895	0.468166	0.4519	0.508712	0.407902	0.425527	0.505376	0.559421	0.508152	0.671759	0.574129	0.652974	0.507953	0.495848	0.327477	0.553666	0.516458	0.717621	0.654032	0.593276	0.545806	0.526153	0.53668	0.230015	0.788691	0.394415	0.48894	0.545492	0.650661	0.517479	0.517881	0.449514	0.559524	0.475979	0.530635	0.579394	0.364467	0.439589	0.399761	0.465728	0.354753	0.423132	0.442702	0.616718	0.410109	0.354155	0.777763	0.431726	0.334109	0.371213	0.438771	0.440217	0.538997	0.776763	0.330661	0.451354	0.401227	0.487471	0.613225
SRR12162598	0.279591	0.17787	0.48582	0.300828	0.477141	0.323296	0.245846	0.247778	0.206308	0.31211	0.30542	0.392517	0.310814	0	0.433433	0.300123	0.312903	0.191764	0.510795	0.230716	0.288047	0.342754	0.495886	0.340557	0.353167	0.490917	0.437486	0.272217	0.332032	0.53138	0.124538	0.240153	0.251256	0.353705	0.130776	0.412505	0.301418	0.356069	0.253019	0.606253	0.333132	0.406027	0.299357	0.366134	0.177132	0.672275	0.574964	0.35601	0.48522	0.196056	0.578241	0.554916	0.423925	0.263151	0.239953	0.285264	0.368519	0.179428	0.41801	0.479286	0.6288	0.341647	0.270795	0.825238	0.330232	0.496271	0.36283	0.42354	0.282439	0.634169	0.323644	0.350861	0.388324	0.458102	0.394254	0.280683	0.61829	0.466448	0.437931	0.211837	0.468598	0.494062	0.293305	0.521119	0.291779	0.581394	0.696992	0.408319	0.694052	0.29328	0.440633	0.139487	0.637226	0.525025	0.754838	0.73076	0.562691	0.570428	0.577005	0.545225	0.316843	0.731451	0.271655	0.223842	0.568724	0.595588	0.346749	0.474761	0.409028	0.522771	0.537417	0.442169	0.518033	0.497233	0.21348	0.247078	0.546184	0.261775	0.516231	0.301819	0.587734	0.261799	0.435059	0.819701	0.273961	0.169199	0.194742	0.253641	0.287863	0.447546	0.771123	0.300882	0.386712	0.335702	0.331628	0.669888
SRR12162703	0.529252	0.482445	0.708155	0.544018	0.594851	0.510866	0.559123	0.488251	0.332532	0.360931	0.50723	0.51537	0.261221	0.433433	0	0.341439	0.549008	0.418291	0.508267	0.570673	0.56608	0.354668	0.649832	0.337333	0.478754	0.620301	0.672648	0.287217	0.596607	0.418826	0.505926	0.348737	0.357736	0.488086	0.518136	0.535501	0.236817	0.142851	0.482752	0.615424	0.371552	0.573052	0.442111	0.490306	0.450396	0.734564	0.234407	0.313907	0.655294	0.588185	0.65354	0.564776	0.676727	0.284689	0.430699	0.496732	0.343273	0.500463	0.612882	0.406443	0.638643	0.200021	0.59744	0.872151	0.494464	0.430474	0.138333	0.663042	0.505331	0.670857	0.632346	0.566798	0.569414	0.568519	0.562215	0.515255	0.753218	0.472552	0.611045	0.560321	0.644543	0.481888	0.541843	0.629166	0.66071	0.623826	0.769218	0.669581	0.742398	0.601464	0.617245	0.365263	0.683369	0.650115	0.802737	0.697726	0.713257	0.677267	0.660126	0.647113	0.339209	0.854336	0.520494	0.591082	0.677338	0.765601	0.614941	0.633651	0.583513	0.666018	0.587337	0.626175	0.672594	0.509607	0.554893	0.464708	0.583195	0.46594	0.570704	0.562641	0.737889	0.435714	0.426137	0.845076	0.440545	0.340952	0.452376	0.550509	0.542524	0.628983	0.847393	0.46725	0.559425	0.512395	0.580367	0.744061
SRR12162712	0.400072	0.357663	0.592176	0.402925	0.558174	0.446302	0.405458	0.350979	0.261859	0.408191	0.419584	0.497228	0.402419	0.300123	0.341439	0	0.422772	0.303547	0.629655	0.385307	0.43363	0.43566	0.594605	0.317462	0.462298	0.584935	0.53344	0.342342	0.473555	0.602729	0.366356	0.269444	0.246173	0.4448	0.354857	0.537322	0.285068	0.427881	0.397723	0.681893	0.402198	0.524448	0.396076	0.465073	0.310586	0.760805	0.392338	0.452253	0.588315	0.410911	0.668154	0.666125	0.547229	0.0840947	0.362269	0.416917	0.474839	0.33677	0.517828	0.577878	0.713213	0.332145	0.408579	0.879905	0.422121	0.582212	0.410036	0.555484	0.40095	0.708214	0.44399	0.468883	0.481197	0.544003	0.47912	0.404166	0.691776	0.542641	0.552072	0.386153	0.569214	0.565197	0.409252	0.612691	0.462297	0.676216	0.752334	0.51442	0.770096	0.432426	0.536713	0.232817	0.707301	0.608562	0.802057	0.804153	0.636773	0.667131	0.67096	0.620858	0.361614	0.783502	0.38002	0.418145	0.665427	0.68097	0.442842	0.560122	0.513219	0.589804	0.650264	0.539183	0.606118	0.5699	0.383395	0.377161	0.635036	0.395386	0.622118	0.420193	0.678017	0.350557	0.493035	0.854303	0.343128	0.243406	0.369459	0.403116	0.408533	0.536174	0.816258	0.424702	0.481508	0.448391	0.44466	0.731438
SRR12162681	0.0804924	0.185407	0.334484	0.128605	0.28624	0.208682	0.133013	0.174797	0.435902	0.370816	0.186807	0.179296	0.442386	0.312903	0.549008	0.422772	0	0.245899	0.401786	0.131679	0.157593	0.291726	0.310675	0.496469	0.176808	0.300927	0.240087	0.394047	0.19862	0.362283	0.289061	0.460826	0.475549	0.224073	0.240016	0.280402	0.340261	0.458933	0.227501	0.420396	0.508984	0.265004	0.267603	0.218085	0.269917	0.550017	0.663836	0.387106	0.299061	0.14969	0.416988	0.446354	0.280666	0.382999	0.202152	0.156295	0.349976	0.165828	0.20927	0.385058	0.46128	0.432492	0.133029	0.76335	0.206318	0.285143	0.492391	0.286266	0.159446	0.490004	0.169954	0.173739	0.128886	0.278249	0.20275	0.163862	0.425971	0.241651	0.265341	0.154857	0.269762	0.377407	0.107901	0.323841	0.187132	0.42374	0.534617	0.241755	0.556804	0.138652	0.210134	0.32119	0.475765	0.34692	0.610716	0.599822	0.359277	0.402003	0.424863	0.296098	0.438657	0.596487	0.114504	0.220146	0.413136	0.445504	0.127373	0.268434	0.193652	0.287452	0.432803	0.231739	0.309205	0.265837	0.155073	0.383205	0.411686	0.308	0.363202	0.08281	0.41951	0.394664	0.417448	0.710747	0.421865	0.356263	0.341718	0.118471	0.135777	0.208951	0.642055	0.24154	0.135375	0.184013	0.114828	0.509915
SRR12162533	0.23579	0.200006	0.40168	0.218262	0.352915	0.217613	0.201133	0.149743	0.342524	0.173772	0.170694	0.291572	0.290693	0.191764	0.418291	0.303547	0.245899	0	0.432423	0.200156	0.196687	0.232048	0.392764	0.305104	0.236124	0.390046	0.327555	0.23116	0.24323	0.446458	0.217754	0.378912	0.386759	0.214045	0.173137	0.315411	0.313316	0.345292	0.151139	0.534609	0.293697	0.284935	0.144881	0.248979	0.120558	0.62884	0.589886	0.238791	0.381028	0.250569	0.500797	0.481644	0.341369	0.232634	0.195598	0.17166	0.270051	0.160264	0.308958	0.372987	0.575583	0.333557	0.222966	0.776033	0.189458	0.414576	0.34898	0.345548	0.215909	0.562676	0.313586	0.236658	0.274042	0.33266	0.246392	0.159835	0.536285	0.3644	0.330271	0.218405	0.363408	0.370347	0.245306	0.422865	0.31751	0.522339	0.621047	0.336735	0.632612	0.287812	0.330239	0.198576	0.559377	0.422298	0.694568	0.70474	0.472014	0.469543	0.477501	0.450008	0.235447	0.660526	0.15988	0.26834	0.475711	0.49949	0.293256	0.347042	0.298275	0.426806	0.42959	0.339228	0.41592	0.398172	0.219587	0.32854	0.454379	0.167157	0.413807	0.238296	0.490265	0.349636	0.306801	0.769387	0.367884	0.249508	0.274159	0.22207	0.192419	0.377119	0.715496	0.165491	0.267782	0.221937	0.279889	0.588709
SRR12162539	0.409412	0.47623	0.523884	0.4346	0.355741	0.349877	0.365711	0.422812	0.632157	0.340158	0.325455	0.300658	0.364652	0.510795	0.508267	0.629655	0.401786	0.432423	0	0.403377	0.337498	0.425798	0.393601	0.495538	0.290504	0.371091	0.469521	0.388545	0.343705	0.29508	0.562538	0.61936	0.635688	0.334252	0.450799	0.230861	0.533471	0.421092	0.382295	0.336302	0.422054	0.256308	0.368851	0.325028	0.442848	0.520088	0.634274	0.287506	0.412781	0.458424	0.397505	0.146037	0.459078	0.570526	0.422095	0.342189	0.285032	0.44122	0.37544	0.176952	0.360646	0.464644	0.379705	0.641417	0.343928	0.25102	0.409048	0.425867	0.413799	0.405406	0.461153	0.298046	0.347423	0.314963	0.344809	0.390099	0.577887	0.24625	0.340354	0.465497	0.402808	0.30739	0.399054	0.392071	0.489683	0.333106	0.614948	0.483917	0.529572	0.471772	0.410029	0.556379	0.453883	0.405398	0.682094	0.450295	0.521089	0.432317	0.402674	0.443089	0.436818	0.785525	0.404666	0.522804	0.426899	0.57754	0.445044	0.437399	0.334421	0.467708	0.25557	0.423329	0.503638	0.235889	0.462933	0.617407	0.285217	0.380744	0.230848	0.410752	0.515603	0.619531	0.353137	0.740994	0.642153	0.541945	0.565806	0.430537	0.391223	0.452098	0.767832	0.348863	0.338617	0.353899	0.400271	0.529923
SRR12162638	0.146472	0.199299	0.33465	0.124497	0.328223	0.211061	0.095676	0.152612	0.388714	0.371046	0.154733	0.247245	0.446767	0.230716	0.570673	0.385307	0.131679	0.200156	0.403377	0	0.128645	0.351493	0.334075	0.462675	0.182494	0.3442	0.247855	0.401735	0.169677	0.409525	0.232901	0.414206	0.430323	0.215664	0.122681	0.292456	0.387583	0.491744	0.184325	0.491227	0.47024	0.25075	0.242491	0.251878	0.175776	0.591539	0.685054	0.409671	0.325703	0.0853339	0.45544	0.45376	0.260276	0.349175	0.233833	0.15739	0.377535	0.112476	0.246154	0.380451	0.530848	0.450115	0.0692655	0.745591	0.21322	0.36682	0.521147	0.275137	0.161308	0.532328	0.139258	0.189604	0.218142	0.318558	0.237014	0.147064	0.480668	0.310164	0.28017	0.105187	0.306711	0.381178	0.118199	0.376009	0.136136	0.477162	0.577785	0.236559	0.599605	0.15109	0.272459	0.264008	0.521246	0.359662	0.655024	0.674684	0.412036	0.42333	0.431341	0.395251	0.439995	0.617971	0.119134	0.166362	0.418936	0.443067	0.157039	0.311265	0.239468	0.367047	0.420937	0.294888	0.373763	0.344087	0.0934154	0.383678	0.409482	0.241248	0.370924	0.125859	0.433851	0.401079	0.416298	0.741999	0.404346	0.310057	0.332069	0.127016	0.114284	0.283645	0.685351	0.219339	0.222028	0.188499	0.159912	0.539734
SRR12162500	0.189149	0.258121	0.245362	0.146488	0.23915	0.175246	0.0797033	0.170316	0.449531	0.347512	0.133069	0.184289	0.42871	0.288047	0.56608	0.43363	0.157593	0.196687	0.337498	0.128645	0	0.338762	0.250702	0.462741	0.165374	0.263695	0.184494	0.384814	0.0560813	0.404245	0.303294	0.474189	0.487474	0.185339	0.219299	0.198931	0.413244	0.480157	0.144588	0.429689	0.469917	0.187893	0.226198	0.216606	0.25166	0.522248	0.696148	0.390936	0.24344	0.157822	0.383836	0.387814	0.166225	0.370376	0.302224	0.110531	0.357754	0.161678	0.17079	0.379345	0.460846	0.438347	0.104588	0.718828	0.180177	0.317444	0.511881	0.177062	0.201916	0.465718	0.186908	0.100326	0.151717	0.227011	0.149742	0.0981401	0.406765	0.26674	0.20477	0.159947	0.221579	0.354291	0.178038	0.305021	0.188495	0.404733	0.522622	0.176159	0.538543	0.192011	0.198573	0.311975	0.456173	0.291096	0.598704	0.628664	0.337983	0.359616	0.357607	0.324792	0.419655	0.566336	0.123291	0.238914	0.342512	0.377796	0.186216	0.235418	0.161	0.304982	0.351949	0.216951	0.301192	0.284549	0.161859	0.444694	0.347389	0.225845	0.308791	0.164493	0.376233	0.458762	0.395942	0.69737	0.461635	0.366296	0.392376	0.190591	0.0821031	0.276315	0.641135	0.197407	0.152299	0.150106	0.180349	0.47861
SRR12162617	0.281246	0.254369	0.457819	0.314793	0.409053	0.285698	0.331985	0.293031	0.440698	0.263269	0.301762	0.297712	0.210218	0.342754	0.354668	0.43566	0.291726	0.232048	0.425798	0.351493	0.338762	0	0.442304	0.421574	0.258173	0.429689	0.406081	0.233171	0.360706	0.201392	0.318667	0.434858	0.458707	0.325754	0.32459	0.406105	0.204776	0.247642	0.289043	0.425128	0.422975	0.394305	0.269723	0.308595	0.293375	0.637494	0.446226	0.220892	0.428967	0.358472	0.532963	0.489712	0.426629	0.380348	0.175091	0.261162	0.18576	0.278161	0.352275	0.279252	0.519759	0.212607	0.371938	0.845561	0.287166	0.300369	0.272448	0.422383	0.29816	0.587427	0.38681	0.333879	0.290296	0.405061	0.319467	0.296451	0.539754	0.252577	0.38484	0.327554	0.40173	0.45781	0.264106	0.453263	0.409215	0.521664	0.613617	0.409994	0.663308	0.35937	0.355472	0.354638	0.563218	0.472673	0.694975	0.625767	0.470024	0.525374	0.545981	0.42001	0.341652	0.670026	0.290884	0.354899	0.541271	0.564486	0.363467	0.37194	0.349727	0.399486	0.547647	0.370728	0.400264	0.286612	0.327837	0.3836	0.517985	0.291	0.452917	0.319073	0.533383	0.394396	0.393261	0.765625	0.401787	0.367235	0.346238	0.308026	0.324241	0.369763	0.689594	0.281879	0.277069	0.304723	0.337354	0.622595
SRR12162629	0.345041	0.435703	0.201968	0.334681	0.132465	0.277055	0.301996	0.349455	0.621046	0.421172	0.276619	0.224035	0.505731	0.495886	0.649832	0.594605	0.310675	0.392764	0.393601	0.334075	0.250702	0.442304	0	0.535912	0.257726	0.108158	0.145868	0.4485	0.207341	0.463674	0.502645	0.639411	0.648708	0.270828	0.433465	0.203802	0.553646	0.566426	0.332543	0.298957	0.560662	0.216296	0.304246	0.256836	0.444391	0.355769	0.763136	0.473813	0.0615506	0.369709	0.203369	0.314331	0.15182	0.539615	0.424393	0.286622	0.432772	0.379441	0.148347	0.460725	0.298659	0.497688	0.310769	0.598327	0.260945	0.37397	0.599411	0.137407	0.353399	0.285617	0.325034	0.1992	0.248856	0.170049	0.239125	0.30781	0.240913	0.301359	0.0984886	0.370085	0.0722813	0.439363	0.369692	0.12121	0.339567	0.239574	0.3406	0.22571	0.365719	0.360315	0.159823	0.505139	0.268391	0.108922	0.439641	0.493353	0.154783	0.178425	0.185216	0.153983	0.500675	0.490781	0.316541	0.444261	0.18689	0.277386	0.305728	0.145807	0.172748	0.209858	0.231478	0.174693	0.173271	0.269112	0.371401	0.570098	0.378638	0.399616	0.221091	0.290583	0.21768	0.585464	0.484857	0.561861	0.631022	0.546107	0.525501	0.3333	0.315532	0.31493	0.522004	0.290847	0.269692	0.282339	0.297378	0.286386
SRR12162687	0.460692	0.429358	0.626178	0.473184	0.499962	0.366567	0.453453	0.398546	0.375074	0.266953	0.388235	0.423172	0.282784	0.340557	0.337333	0.317462	0.496469	0.305104	0.495538	0.462675	0.462741	0.421574	0.535912	0	0.425711	0.510933	0.574297	0.221084	0.492106	0.541879	0.442148	0.412436	0.417556	0.385321	0.402714	0.435892	0.338735	0.345794	0.398013	0.656566	0.105448	0.42166	0.318808	0.377914	0.324613	0.701299	0.500628	0.371168	0.5475	0.497468	0.607376	0.58177	0.581262	0.254081	0.409935	0.412972	0.394811	0.409032	0.528224	0.474321	0.657441	0.265521	0.479859	0.825465	0.398396	0.522492	0.313318	0.566215	0.44293	0.653561	0.564503	0.454779	0.518465	0.476395	0.482909	0.434592	0.654281	0.480505	0.503523	0.484701	0.536223	0.462138	0.511501	0.56103	0.580513	0.626336	0.69662	0.594473	0.720447	0.532194	0.526881	0.266977	0.644861	0.545835	0.767204	0.766634	0.609458	0.587473	0.591634	0.586566	0.256563	0.780985	0.440166	0.514826	0.602609	0.658835	0.545359	0.550997	0.48933	0.620888	0.527973	0.561594	0.596557	0.511342	0.471445	0.416851	0.54164	0.338207	0.532473	0.47518	0.624973	0.392219	0.375302	0.821592	0.413921	0.290952	0.405969	0.470565	0.472432	0.586038	0.803106	0.343289	0.525353	0.435051	0.524015	0.668925
SRR12162637	0.197486	0.286646	0.320181	0.194218	0.236469	0.157665	0.178768	0.207075	0.489872	0.271879	0.117009	0.1217	0.346969	0.353167	0.478754	0.462298	0.176808	0.236124	0.290504	0.182494	0.165374	0.258173	0.257726	0.425711	0	0.266333	0.256925	0.305549	0.190486	0.293438	0.374958	0.496516	0.513773	0.129932	0.274465	0.19241	0.395443	0.377352	0.185104	0.369105	0.427953	0.18923	0.164151	0.1453	0.288426	0.532101	0.618931	0.28715	0.254629	0.246238	0.366049	0.317343	0.279473	0.39235	0.270868	0.107568	0.249527	0.220324	0.193255	0.259481	0.420532	0.36179	0.21845	0.706765	0.133573	0.216433	0.411552	0.26592	0.219921	0.442242	0.285015	0.164452	0.1887	0.227433	0.172476	0.170534	0.421075	0.187466	0.194299	0.240298	0.248264	0.311749	0.189206	0.289711	0.316353	0.377489	0.522591	0.307963	0.540597	0.264609	0.235314	0.376592	0.437932	0.288605	0.604583	0.525807	0.343027	0.352643	0.360731	0.281057	0.379056	0.580227	0.16807	0.309513	0.349549	0.404446	0.260731	0.250887	0.20809	0.339943	0.348274	0.273004	0.316476	0.219451	0.246698	0.461985	0.352057	0.246469	0.263489	0.198726	0.365026	0.47215	0.351491	0.698385	0.489289	0.387461	0.41117	0.215397	0.181858	0.294314	0.632767	0.180112	0.195429	0.137651	0.246777	0.479096
SRR12162613	0.332317	0.423185	0.255284	0.314665	0.0824904	0.263566	0.308108	0.354745	0.61908	0.383647	0.281397	0.199519	0.47239	0.490917	0.620301	0.584935	0.300927	0.390046	0.371091	0.3442	0.263695	0.429689	0.108158	0.510933	0.266333	0	0.193821	0.415335	0.223632	0.431917	0.490979	0.636994	0.646663	0.248655	0.439328	0.173392	0.542445	0.53002	0.342559	0.308348	0.529532	0.232073	0.31168	0.221741	0.452006	0.345458	0.743723	0.429535	0.119806	0.366377	0.21312	0.295779	0.220625	0.539087	0.412598	0.284737	0.385881	0.369056	0.163144	0.44075	0.296046	0.48161	0.329938	0.640872	0.249531	0.33369	0.564464	0.188728	0.344315	0.277293	0.317104	0.199289	0.236467	0.117187	0.220973	0.306092	0.257801	0.255868	0.104558	0.371624	0.109965	0.396845	0.365149	0.129739	0.336808	0.23609	0.346244	0.2352	0.36933	0.354519	0.143932	0.511207	0.261223	0.129804	0.443415	0.499046	0.192864	0.189554	0.195422	0.162796	0.465203	0.497671	0.290778	0.448757	0.224081	0.317863	0.296699	0.130401	0.174325	0.259608	0.221196	0.172015	0.201567	0.227575	0.362508	0.570685	0.356732	0.409369	0.19883	0.282378	0.262196	0.582687	0.450566	0.562573	0.627737	0.547111	0.52283	0.330789	0.311851	0.292357	0.517148	0.293059	0.261217	0.281492	0.299585	0.302405
SRR12162595	0.280066	0.353394	0.142771	0.254775	0.210435	0.281958	0.230588	0.279105	0.566725	0.476869	0.240907	0.27876	0.551491	0.437486	0.672648	0.53344	0.240087	0.327555	0.469521	0.247855	0.184494	0.406081	0.145868	0.574297	0.256925	0.193821	0	0.492045	0.142276	0.497472	0.432301	0.587291	0.59835	0.281543	0.354163	0.28954	0.497627	0.592589	0.261545	0.31152	0.600246	0.244744	0.333515	0.323886	0.376457	0.422087	0.770338	0.515385	0.129267	0.273485	0.276684	0.407156	0.0807379	0.47969	0.392363	0.222629	0.471837	0.304844	0.109379	0.52145	0.353581	0.533466	0.237347	0.659137	0.27158	0.403182	0.631099	0.0905218	0.319687	0.36904	0.208797	0.193392	0.180273	0.241531	0.218436	0.233641	0.279805	0.338913	0.167986	0.295213	0.118967	0.498262	0.269718	0.183155	0.227759	0.311865	0.402449	0.103727	0.427028	0.266069	0.155999	0.446945	0.352587	0.181664	0.494278	0.542717	0.201903	0.257476	0.27306	0.186648	0.54364	0.445723	0.243249	0.348473	0.252517	0.254566	0.216904	0.152233	0.190689	0.190016	0.327742	0.14378	0.165893	0.309263	0.291098	0.529193	0.448781	0.359832	0.300144	0.253006	0.248803	0.544794	0.535411	0.613562	0.55809	0.486815	0.493501	0.284722	0.222578	0.249306	0.539593	0.31244	0.198946	0.243376	0.255719	0.361528
SRR12162567	0.353455	0.320517	0.548317	0.385735	0.398108	0.268562	0.374862	0.314332	0.369377	0.135574	0.327613	0.294559	0.0891563	0.272217	0.287217	0.342342	0.394047	0.23116	0.388545	0.401735	0.384814	0.233171	0.4485	0.221084	0.305549	0.415335	0.492045	0	0.414056	0.351789	0.371799	0.379822	0.396183	0.28789	0.361764	0.354076	0.249172	0.202491	0.316671	0.500005	0.229542	0.406953	0.256426	0.246108	0.300157	0.641063	0.446253	0.186609	0.46293	0.420207	0.528099	0.455581	0.505192	0.276402	0.249908	0.309171	0.198949	0.317417	0.429197	0.308964	0.533006	0.159938	0.43002	0.810396	0.284673	0.35682	0.196346	0.486283	0.359663	0.568023	0.484529	0.370641	0.397798	0.375421	0.373491	0.350257	0.581552	0.28483	0.416408	0.405042	0.448215	0.407831	0.37622	0.471643	0.508489	0.521027	0.637984	0.517616	0.659956	0.453433	0.433117	0.26843	0.563117	0.466915	0.718238	0.669349	0.524605	0.525686	0.529858	0.477053	0.225008	0.736279	0.340797	0.443295	0.541727	0.599909	0.461147	0.458324	0.392801	0.498282	0.494241	0.46685	0.515265	0.322768	0.390965	0.351064	0.484759	0.312874	0.444759	0.388291	0.564004	0.363635	0.353611	0.783194	0.386517	0.279165	0.331683	0.386506	0.389595	0.482902	0.750962	0.275149	0.397776	0.349761	0.432603	0.606177
SRR12162511	0.226603	0.293947	0.197898	0.188105	0.204442	0.198572	0.118297	0.217826	0.490869	0.379863	0.158015	0.203794	0.459371	0.332032	0.596607	0.473555	0.19862	0.24323	0.343705	0.169677	0.0560813	0.360706	0.207341	0.492106	0.190486	0.223632	0.142276	0.414056	0	0.432835	0.3458	0.514111	0.525691	0.212562	0.266156	0.176663	0.447569	0.511708	0.164249	0.391112	0.50259	0.154447	0.252775	0.245053	0.298295	0.486564	0.719889	0.425095	0.198507	0.197846	0.344171	0.358353	0.120253	0.410743	0.34579	0.132148	0.389121	0.208697	0.125801	0.414216	0.419448	0.46275	0.146172	0.69483	0.205959	0.341672	0.545132	0.128255	0.246694	0.429369	0.176603	0.110682	0.140927	0.190466	0.143779	0.143963	0.367803	0.290681	0.162628	0.202261	0.1786	0.391892	0.218768	0.261089	0.177916	0.364158	0.487318	0.161663	0.50298	0.235379	0.168938	0.356717	0.420923	0.248495	0.571113	0.600094	0.297367	0.319586	0.316379	0.285784	0.453508	0.53157	0.170384	0.280219	0.301418	0.334113	0.189543	0.193348	0.129724	0.290402	0.323185	0.183843	0.261725	0.268135	0.203296	0.481268	0.339744	0.25122	0.270673	0.20647	0.333989	0.493999	0.431774	0.672648	0.49697	0.406926	0.429391	0.229941	0.13117	0.252702	0.612614	0.225888	0.161842	0.172831	0.210859	0.441088
SRR12162690	0.357928	0.427112	0.544972	0.37266	0.414764	0.343952	0.392665	0.406572	0.602377	0.349319	0.352337	0.31584	0.261209	0.53138	0.418826	0.602729	0.362283	0.446458	0.29508	0.409525	0.404245	0.201392	0.463674	0.541879	0.293438	0.431917	0.497472	0.351789	0.432835	0	0.519578	0.591949	0.615071	0.322781	0.477909	0.356703	0.369365	0.319738	0.388658	0.340778	0.494033	0.426354	0.378356	0.30057	0.48544	0.558917	0.499027	0.251204	0.481158	0.422621	0.474228	0.362412	0.51346	0.556035	0.353967	0.340019	0.205679	0.422451	0.426465	0.16819	0.399401	0.333123	0.435564	0.79282	0.332234	0.197507	0.330018	0.501842	0.377267	0.483461	0.450935	0.39163	0.361049	0.390598	0.38102	0.369117	0.573532	0.185168	0.430206	0.41174	0.464547	0.335135	0.314905	0.44986	0.482615	0.418504	0.58798	0.4963	0.588813	0.421558	0.427922	0.544578	0.482805	0.471037	0.639714	0.528752	0.524504	0.506746	0.491026	0.44836	0.419041	0.717327	0.363682	0.449654	0.513596	0.605246	0.429427	0.448627	0.397533	0.439979	0.447659	0.443292	0.487893	0.223951	0.419367	0.559829	0.407845	0.441567	0.361074	0.38253	0.569181	0.569044	0.370468	0.692051	0.567144	0.541395	0.530315	0.392887	0.38572	0.424899	0.694183	0.375286	0.3459	0.349213	0.39894	0.569285
SRR12162546	0.282694	0.170601	0.479215	0.27228	0.473955	0.348299	0.275833	0.257238	0.202503	0.361595	0.338896	0.406615	0.413339	0.124538	0.505926	0.366356	0.289061	0.217754	0.562538	0.232901	0.303294	0.318667	0.502645	0.442148	0.374958	0.490979	0.432301	0.371799	0.3458	0.519578	0	0.230358	0.24972	0.383335	0.138667	0.47075	0.352062	0.427742	0.291256	0.608496	0.446127	0.436328	0.337048	0.395217	0.201092	0.700663	0.618625	0.395781	0.494485	0.190841	0.601964	0.608061	0.42886	0.342033	0.219109	0.311407	0.395768	0.189761	0.421526	0.497009	0.648294	0.414119	0.263907	0.847919	0.359404	0.501753	0.454116	0.438168	0.273931	0.654345	0.305328	0.37605	0.363949	0.468602	0.384854	0.281116	0.605576	0.45446	0.459588	0.184552	0.473441	0.510034	0.272847	0.514458	0.266339	0.609424	0.680832	0.404794	0.711817	0.267727	0.418499	0.205285	0.639748	0.518318	0.739595	0.75634	0.555808	0.570752	0.583881	0.53201	0.3853	0.715692	0.259773	0.142462	0.578203	0.594775	0.324373	0.450444	0.391738	0.506654	0.585791	0.439484	0.499295	0.486552	0.200511	0.225317	0.549149	0.296484	0.548436	0.27779	0.593403	0.248906	0.451914	0.815181	0.253414	0.226236	0.171404	0.233172	0.276744	0.415625	0.764088	0.336708	0.36536	0.347737	0.317234	0.664137
