	SRR12162467	SRR12162489	SRR12162698	SRR12162620	SRR12162674	SRR12162696	SRR12162682	SRR12162559	SRR12162648	SRR12162600	SRR12162670	SRR12162709	SRR12162578	SRR12162598	SRR12162703	SRR12162712	SRR12162681	SRR12162533	SRR12162539	SRR12162638	SRR12162500	SRR12162617	SRR12162629	SRR12162687	SRR12162637	SRR12162613	SRR12162595	SRR12162567	SRR12162511	SRR12162690	SRR12162546	SRR12162649	SRR12162647	SRR12162641	SRR12162636	SRR12162609	SRR12162478	SRR12162704	SRR12162502	SRR12162534	SRR12162668	SRR12162566	SRR12162640	SRR12162707	SRR12162513	SRR12162602	SRR12162654	SRR12162723	SRR12162684	SRR12162688	SRR12162657	SRR12162494	SRR12162699	SRR12162711	SRR12162679	SRR12162611	SRR12162725	SRR12162622	SRR12162597	SRR12162495	SRR12162729	SRR12162589	SRR12162521	SRR12162523	SRR12162718	SRR12162656	SRR12162705	SRR12162616	SRR12162550	SRR12162710	SRR12162504	SRR12162666	SRR12162612	SRR12162669	SRR12162702	SRR12162623	SRR12162529	SRR12162716	SRR12162655	SRR12162678	SRR12162626	SRR12162627	SRR12162719	SRR12162732	SRR12162490	SRR12162743	SRR12162541	SRR12162733	SRR12162736	SRR12162665	SRR12162624	SRR12162573	SRR12162738	SRR12162547	SRR12162563	SRR12162498	SRR12162672	SRR12162461	SRR12162466	SRR12162675	SRR12162593	SRR12162487	SRR12162689	SRR12162514	SRR12162462	SRR12162517	SRR12162664	SRR12162713	SRR12162530	SRR12162486	SRR12162596	SRR12162632	SRR12162542	SRR12162715	SRR12162465	SRR12162576	SRR12162497	SRR12162560	SRR12162639	SRR12162683	SRR12162510	SRR12162735	SRR12162619	SRR12162607	SRR12162505	SRR12162532	SRR12162577	SRR12162522	SRR12162475	SRR12162527	SRR12162549	SRR12162469	SRR12162695	SRR12162554	SRR12162634	SRR12162548
SRR12162467	0	0.126422	0.437422	0.324308	0.302389	0.342348	0.193602	0.327929	0.630238	0.603535	0.45106	0.492703	0.635375	0.390843	0.747511	0.765091	0.408579	0.55986	0.214572	0.359553	0.356919	0.556868	0.444934	0.729064	0.337702	0.230937	0.436194	0.651229	0.311835	0.57857	0.83305	0.628308	0.649025	0.453923	0.413484	0.235183	0.608839	0.670897	0.380753	0.224455	0.685054	0.331239	0.468522	0.525627	0.475601	0.298341	0.820503	0.578679	0.299718	0.372776	0.19758	0.328182	0.42938	0.724194	0.445342	0.278374	0.554826	0.235441	0.338093	0.418239	0.144263	0.69081	0.609474	1	0.445698	0.433368	0.688931	0.296353	0.266083	0.16024	0.344329	0.261613	0.186298	0.275991	0.361193	0.350436	0.885026	0.425923	0.221352	0.292812	0.332798	0.539429	0.224107	0.304967	0.904081	0.154979	0.786112	0.431246	0.42086	0.556028	0.261585	0.557299	0.212767	0.421826	1	1	0.566487	0.392487	0.425316	0.271782	0.665443	1	0.425861	1	0.443535	1	0.505244	0.274482	0.604737	0.4699	0.262094	0.326759	0.554532	0.371649	0.230045	0.380085	0.487209	0.445659	0.209074	0.346237	1	0.195136	0.6274	0.638055	0.415514	0.381183	0.230068	0.301052	0.395763	1	0.828848	0.405809	0.184508	0.338098	0.327761	0.383119
SRR12162489	0.126422	0	0.511011	0.29031	0.229596	0.292159	0.268165	0.317923	0.568048	0.543636	0.378017	0.422686	0.582384	0.327779	0.698111	0.725749	0.470301	0.492559	0.202604	0.399924	0.417085	0.4914	0.507875	0.693701	0.255026	0.253136	0.477307	0.597076	0.366902	0.5066	0.848594	0.551028	0.577602	0.383609	0.371205	0.171836	0.550712	0.616744	0.311736	0.185482	0.646928	0.368347	0.400278	0.47869	0.404463	0.370607	0.787193	0.511454	0.332741	0.426609	0.254769	0.234176	0.487306	0.679766	0.353402	0.21885	0.483704	0.174423	0.39509	0.324028	0.105821	0.633633	0.639305	1	0.385184	0.366167	0.634142	0.338475	0.27351	0.226859	0.383142	0.190746	0.202378	0.198934	0.289353	0.272301	0.901162	0.328311	0.248917	0.325823	0.365878	0.465566	0.245956	0.341983	0.917696	0.153986	0.813766	0.500085	0.50334	0.602808	0.294017	0.48858	0.266904	0.434905	1	1	0.626013	0.421773	0.477279	0.337698	0.620097	1	0.348417	1	0.492254	1	0.5569	0.317784	0.639191	0.472458	0.295516	0.385412	0.597014	0.274787	0.261573	0.42296	0.428461	0.372624	0.175336	0.375183	1	0.233862	0.563039	0.686431	0.439632	0.285163	0.279162	0.345622	0.317183	1	0.852942	0.331554	0.20243	0.257638	0.380516	0.410546
SRR12162698	0.437422	0.511011	0	0.54984	0.517872	0.635318	0.319242	0.552651	0.813458	0.81622	0.648769	0.743817	0.835017	0.635244	0.880367	0.872692	0.295187	0.722603	0.560063	0.583414	0.208402	0.782898	0.135697	0.865968	0.599393	0.47614	0.422788	0.841304	0.243658	0.804484	0.67931	0.814592	0.825782	0.654021	0.608127	0.494782	0.823414	0.835938	0.576881	0.504932	0.843488	0.417114	0.661592	0.763176	0.677805	0.282622	0.925035	0.773712	0.34811	0.209186	0.421786	0.582141	0.139936	0.854432	0.68429	0.582409	0.761507	0.550279	0.301191	0.681263	0.483199	0.856465	0.316093	1	0.62948	0.671675	0.845434	0.270656	0.514304	0.375649	0.494691	0.499294	0.436112	0.499231	0.588852	0.561613	0.841237	0.693295	0.461889	0.400344	0.34957	0.7315	0.542492	0.315662	0.800923	0.455201	0.604477	0.244301	0.105275	0.20205	0.508589	0.730943	0.410826	0.309666	1	1	0.298816	0.31829	0.176243	0.337059	0.806233	1	0.624958	1	0.159406	1	0.159834	0.421213	0.47464	0.416498	0.424078	0.27882	0.264953	0.655462	0.469564	0.214769	0.722403	0.666746	0.496589	0.323367	1	0.36792	0.79079	0.293348	0.351228	0.662435	0.447956	0.283042	0.619167	1	0.761994	0.620951	0.470662	0.577297	0.276565	0.380142
SRR12162620	0.324308	0.29031	0.54984	0	0.135499	0.377851	0.391356	0.0603511	0.52598	0.548371	0.285888	0.405649	0.597521	0.356574	0.748093	0.663736	0.559042	0.442211	0.369834	0.218216	0.437661	0.582386	0.539421	0.65844	0.226485	0.17474	0.280172	0.601771	0.419962	0.605504	0.727177	0.527061	0.565567	0.349117	0.208617	0.254313	0.667594	0.681638	0.360781	0.331857	0.66301	0.384631	0.392455	0.441578	0.251524	0.431337	0.828961	0.581485	0.324943	0.483049	0.248294	0.362736	0.549151	0.621068	0.337155	0.324003	0.554567	0.255315	0.376548	0.45646	0.288463	0.63665	0.537455	1	0.331713	0.481881	0.697451	0.420292	0.249595	0.266942	0.238421	0.221397	0.325625	0.195965	0.280308	0.229718	0.935584	0.443749	0.195225	0.218588	0.357141	0.487305	0.31972	0.383906	0.920734	0.256805	0.820902	0.484567	0.56522	0.57445	0.1235	0.485405	0.296487	0.427213	1	1	0.666933	0.42257	0.492461	0.43049	0.619561	1	0.202269	1	0.517813	1	0.538466	0.259703	0.41378	0.622369	0.264159	0.38081	0.439518	0.410339	0.302829	0.450119	0.468597	0.417317	0.222958	0.355667	1	0.341336	0.595569	0.691556	0.570497	0.378316	0.276551	0.358738	0.20881	1	0.895711	0.266662	0.312947	0.263676	0.397384	0.395512
SRR12162674	0.302389	0.229596	0.517872	0.135499	0	0.300825	0.363382	0.163304	0.527997	0.537026	0.242286	0.408341	0.577954	0.280549	0.715901	0.665359	0.560392	0.369741	0.355792	0.319689	0.412475	0.547396	0.51376	0.654041	0.215022	0.168755	0.385813	0.59166	0.388629	0.573765	0.724708	0.52822	0.563813	0.270161	0.283344	0.142316	0.635166	0.640748	0.261321	0.310955	0.620749	0.348584	0.306089	0.42881	0.286209	0.411172	0.815802	0.516051	0.294991	0.452537	0.24999	0.276957	0.516653	0.622809	0.322828	0.22723	0.495438	0.164347	0.382127	0.412694	0.275053	0.63199	0.526719	1	0.231197	0.440232	0.659485	0.397144	0.20629	0.242664	0.323764	0.123631	0.312205	0.0727973	0.17418	0.129707	0.930979	0.403901	0.172295	0.203829	0.33178	0.424007	0.310038	0.359671	0.919739	0.229224	0.819107	0.484107	0.537568	0.579015	0.213499	0.420144	0.286892	0.428216	1	1	0.651951	0.407686	0.46916	0.421965	0.562308	1	0.200714	1	0.49688	1	0.54488	0.229896	0.523566	0.624631	0.232087	0.369271	0.459736	0.364436	0.286598	0.435492	0.418508	0.359473	0.202241	0.334932	1	0.323784	0.535889	0.677224	0.574249	0.335781	0.228307	0.330263	0.173439	1	0.901302	0.18845	0.306991	0.171496	0.386265	0.386782
SRR12162696	0.342348	0.292159	0.635318	0.377851	0.300825	0	0.421264	0.391723	0.489953	0.397873	0.180546	0.334997	0.471972	0.159989	0.650696	0.627852	0.648302	0.310993	0.439997	0.492805	0.535739	0.464757	0.583067	0.528665	0.278043	0.313164	0.569617	0.469913	0.49258	0.479217	0.887392	0.488768	0.5233	0.23297	0.447192	0.215438	0.535337	0.566196	0.20219	0.415701	0.465286	0.396823	0.254488	0.353179	0.324402	0.515061	0.758969	0.443346	0.405144	0.545579	0.378548	0.204874	0.583729	0.571202	0.318654	0.165497	0.41743	0.207617	0.511474	0.282963	0.35284	0.55946	0.693236	1	0.252854	0.35756	0.586917	0.463612	0.365784	0.386419	0.487637	0.218489	0.439593	0.289354	0.244678	0.268709	0.928135	0.301378	0.310481	0.42842	0.446669	0.341842	0.466799	0.44908	0.940606	0.325668	0.86219	0.637294	0.646588	0.691899	0.402757	0.333426	0.386818	0.564912	1	1	0.71173	0.459561	0.597084	0.526506	0.513928	1	0.222365	1	0.574801	1	0.657949	0.40208	0.715091	0.686115	0.326493	0.518317	0.677622	0.266617	0.366747	0.573195	0.420919	0.232517	0.282843	0.459714	1	0.434316	0.464143	0.755192	0.646967	0.234772	0.379336	0.451583	0.292453	1	0.896935	0.181845	0.441803	0.305614	0.523512	0.460493
SRR12162682	0.193602	0.268165	0.319242	0.391356	0.363382	0.421264	0	0.393647	0.708304	0.682925	0.500272	0.578876	0.713202	0.424426	0.811416	0.799435	0.410483	0.603748	0.342375	0.419769	0.213625	0.666196	0.321481	0.76402	0.442668	0.270283	0.324426	0.722831	0.157761	0.689937	0.775746	0.708433	0.723192	0.50961	0.466495	0.294259	0.701052	0.746492	0.423964	0.352252	0.726009	0.269213	0.525149	0.603256	0.539566	0.153258	0.873011	0.66275	0.171228	0.228895	0.238592	0.428653	0.310698	0.772871	0.551215	0.385458	0.640352	0.332771	0.243247	0.538203	0.267852	0.751238	0.500533	1	0.486286	0.539414	0.759101	0.151885	0.34685	0.211714	0.304745	0.304272	0.262299	0.34864	0.438695	0.404203	0.846925	0.545631	0.275059	0.23766	0.194074	0.609153	0.366668	0.19329	0.878926	0.252124	0.738729	0.318793	0.300256	0.4654	0.322629	0.601862	0.20876	0.318646	1	1	0.481739	0.267531	0.305625	0.25231	0.709658	1	0.475728	1	0.316804	1	0.414989	0.264497	0.529688	0.488571	0.24795	0.19752	0.466477	0.498404	0.27471	0.266579	0.573756	0.512326	0.320885	0.204425	1	0.181245	0.684124	0.551724	0.424947	0.502095	0.281357	0.158818	0.460706	1	0.825917	0.454607	0.298055	0.409671	0.208865	0.261151
SRR12162559	0.327929	0.317923	0.552651	0.0603511	0.163304	0.391723	0.393647	0	0.543507	0.568611	0.278891	0.438465	0.61073	0.377158	0.756013	0.675939	0.576607	0.465225	0.369602	0.217363	0.436786	0.599564	0.537745	0.674294	0.238064	0.186628	0.263825	0.62012	0.416487	0.622171	0.718151	0.54229	0.580617	0.370171	0.226074	0.279116	0.685762	0.690504	0.367763	0.353581	0.676546	0.36186	0.410555	0.469971	0.253815	0.4322	0.83728	0.597059	0.317688	0.490724	0.246089	0.370708	0.551302	0.633559	0.373592	0.340094	0.572055	0.273887	0.382432	0.46645	0.305456	0.654335	0.53624	1	0.353136	0.50093	0.705904	0.424135	0.220501	0.280188	0.217654	0.240817	0.321239	0.232877	0.303121	0.217699	0.93562	0.457267	0.185233	0.19287	0.351005	0.491354	0.316346	0.373981	0.918062	0.259137	0.815225	0.482477	0.569805	0.582146	0.14896	0.479586	0.287514	0.397718	1	1	0.668809	0.407619	0.488366	0.425022	0.622936	1	0.238082	1	0.521035	1	0.548208	0.258696	0.413249	0.618616	0.250909	0.377751	0.444807	0.429072	0.298668	0.439287	0.48107	0.422513	0.234173	0.342276	1	0.335213	0.602828	0.690571	0.567329	0.399879	0.252482	0.348691	0.193237	1	0.900533	0.259007	0.307911	0.245328	0.385661	0.364044
SRR12162648	0.630238	0.568048	0.813458	0.52598	0.527997	0.489953	0.708304	0.543507	0	0.19009	0.432963	0.226728	0.293454	0.419877	0.39396	0.382999	0.786994	0.265289	0.637897	0.536793	0.759676	0.386307	0.806853	0.333716	0.491482	0.598065	0.672113	0.23474	0.745733	0.400547	0.895037	0.0595201	0.0805613	0.38789	0.481695	0.562595	0.35323	0.32507	0.491865	0.614158	0.337079	0.679128	0.366623	0.178373	0.417849	0.742034	0.598273	0.198878	0.677989	0.77308	0.633202	0.491207	0.806197	0.31765	0.382707	0.478613	0.255169	0.535068	0.709626	0.467187	0.600716	0.29538	0.805231	1	0.378196	0.447191	0.307554	0.730708	0.603601	0.630721	0.631353	0.559574	0.642948	0.553824	0.505401	0.486876	0.977449	0.442561	0.589094	0.639984	0.696448	0.301758	0.624061	0.707765	0.97102	0.586059	0.930509	0.78378	0.813632	0.837742	0.551951	0.285657	0.654312	0.752414	1	1	0.874825	0.735577	0.789059	0.717645	0.264036	1	0.386415	1	0.795151	1	0.817162	0.656977	0.704291	0.79295	0.632158	0.717472	0.770353	0.490464	0.65212	0.743214	0.62829	0.535621	0.564143	0.705293	1	0.657874	0.207976	0.887347	0.767311	0.478998	0.596233	0.700766	0.470958	1	0.945714	0.435512	0.633966	0.567286	0.713446	0.721637
SRR12162600	0.603535	0.543636	0.81622	0.548371	0.537026	0.397873	0.682925	0.568611	0.19009	0	0.423754	0.287899	0.150748	0.3849	0.369469	0.305296	0.796767	0.231567	0.62711	0.597584	0.750013	0.397366	0.787859	0.227057	0.483654	0.571957	0.680333	0.113037	0.729918	0.415927	0.90494	0.201203	0.168055	0.391611	0.566034	0.533744	0.282773	0.288698	0.483175	0.610913	0.202979	0.664012	0.382728	0.214638	0.482332	0.742367	0.543656	0.197809	0.654187	0.755213	0.628797	0.463502	0.786539	0.224682	0.383027	0.463218	0.262264	0.519262	0.710591	0.4565	0.572906	0.252842	0.799141	1	0.373323	0.447878	0.278504	0.707871	0.635994	0.640263	0.647569	0.521496	0.644803	0.558768	0.501848	0.51632	0.966988	0.452451	0.567605	0.655442	0.67312	0.346746	0.622093	0.702247	0.972703	0.588825	0.934324	0.788088	0.821385	0.843477	0.558509	0.310945	0.652552	0.773591	1	1	0.859866	0.708781	0.793628	0.727817	0.196599	1	0.401061	1	0.780718	1	0.823689	0.663505	0.728322	0.779655	0.610857	0.739879	0.784241	0.494154	0.639886	0.771886	0.64952	0.523166	0.544973	0.698646	1	0.679146	0.249477	0.882581	0.774849	0.491754	0.642432	0.696958	0.508492	1	0.95096	0.430784	0.633949	0.586585	0.74252	0.708006
SRR12162670	0.45106	0.378017	0.648769	0.285888	0.242286	0.180546	0.500272	0.278891	0.432963	0.423754	0	0.350601	0.481213	0.160496	0.635995	0.57842	0.670108	0.238548	0.488917	0.417687	0.559398	0.476989	0.611679	0.537318	0.215829	0.313824	0.475907	0.501253	0.533164	0.495847	0.81767	0.431539	0.47421	0.182787	0.372473	0.272998	0.573965	0.548353	0.186147	0.438359	0.490779	0.363691	0.225794	0.354122	0.258012	0.557474	0.764663	0.433187	0.405333	0.594331	0.3635	0.226123	0.615487	0.517207	0.288053	0.220011	0.413197	0.278786	0.485693	0.306168	0.406767	0.563952	0.629218	1	0.189662	0.366927	0.569069	0.504418	0.349198	0.412017	0.412802	0.234865	0.458972	0.27544	0.219999	0.182993	0.957133	0.331596	0.287122	0.373227	0.440288	0.313514	0.453507	0.465828	0.94517	0.371043	0.872467	0.611973	0.667111	0.700554	0.377807	0.276222	0.440184	0.554205	1	1	0.756514	0.470084	0.607532	0.541541	0.474044	1	0.169939	1	0.587293	1	0.665831	0.416372	0.64538	0.708791	0.318901	0.526155	0.61271	0.300435	0.404399	0.58259	0.442564	0.224245	0.283972	0.457838	1	0.471888	0.439388	0.763329	0.671275	0.276713	0.384481	0.45787	0.153203	1	0.916473	0.0898837	0.451199	0.297197	0.531258	0.451715
SRR12162709	0.492703	0.422686	0.743817	0.405649	0.408341	0.334997	0.578876	0.438465	0.226728	0.287899	0.350601	0	0.3629	0.289096	0.554062	0.492196	0.69692	0.244316	0.540781	0.420828	0.656503	0.341727	0.715011	0.439516	0.315695	0.444473	0.570211	0.31779	0.63086	0.367281	0.864867	0.215256	0.263309	0.306455	0.355799	0.409227	0.426269	0.461206	0.425304	0.52143	0.454122	0.600151	0.303023	0.101757	0.298636	0.650846	0.667105	0.350538	0.567474	0.662909	0.507023	0.380107	0.71628	0.435216	0.251373	0.311702	0.323599	0.376412	0.616551	0.345613	0.469952	0.333587	0.727682	1	0.286611	0.306242	0.482539	0.621831	0.539413	0.530079	0.546241	0.418242	0.548702	0.45006	0.418553	0.409382	0.952494	0.344156	0.462672	0.540644	0.586736	0.289327	0.531041	0.607038	0.96075	0.470568	0.906847	0.708303	0.753296	0.781783	0.416023	0.28563	0.551307	0.695685	1	1	0.803089	0.644684	0.714114	0.60601	0.440606	1	0.258533	1	0.712768	1	0.754302	0.552642	0.629538	0.735395	0.526528	0.653613	0.69723	0.387638	0.537011	0.696672	0.554488	0.444486	0.452875	0.603609	1	0.58317	0.396721	0.833959	0.717756	0.381697	0.548183	0.602335	0.40139	1	0.937489	0.329656	0.546274	0.48884	0.661204	0.637518
SRR12162578	0.635375	0.582384	0.835017	0.597521	0.577954	0.471972	0.713202	0.61073	0.293454	0.150748	0.481213	0.3629	0	0.442479	0.285846	0.323725	0.814876	0.340429	0.620535	0.663131	0.775118	0.285765	0.809566	0.267978	0.523244	0.613257	0.71782	0.0864031	0.75667	0.303796	0.915152	0.249586	0.242312	0.458172	0.630091	0.576701	0.193294	0.174973	0.543071	0.602073	0.23583	0.702331	0.457852	0.297055	0.554346	0.769003	0.419408	0.209608	0.687793	0.781427	0.658468	0.502964	0.808076	0.251053	0.370292	0.512319	0.213776	0.56534	0.739128	0.413048	0.602829	0.128594	0.821081	1	0.438971	0.41511	0.187607	0.7382	0.674826	0.673665	0.688484	0.569278	0.678214	0.599907	0.551913	0.56393	0.970888	0.406386	0.607345	0.68819	0.704409	0.435271	0.624614	0.728311	0.975706	0.62646	0.941346	0.809275	0.839676	0.861894	0.615608	0.401667	0.693061	0.796371	1	1	0.874711	0.739626	0.814587	0.749982	0.270562	1	0.476329	1	0.80287	1	0.842662	0.695542	0.784894	0.798988	0.65248	0.766381	0.808087	0.457033	0.674202	0.796994	0.679533	0.570486	0.589525	0.72776	1	0.709576	0.339898	0.895178	0.797553	0.54332	0.679809	0.726003	0.55643	1	0.956341	0.483134	0.664278	0.634771	0.770286	0.736289
SRR12162598	0.390843	0.327779	0.635244	0.356574	0.280549	0.159989	0.424426	0.377158	0.419877	0.3849	0.160496	0.289096	0.442479	0	0.620106	0.583214	0.671181	0.235223	0.437637	0.468501	0.546171	0.447336	0.61165	0.523019	0.278037	0.306845	0.536348	0.460102	0.509484	0.467579	0.828387	0.421569	0.454631	0.182501	0.42957	0.246913	0.516954	0.522047	0.189049	0.431805	0.471798	0.416744	0.210968	0.29981	0.320836	0.493795	0.747823	0.380884	0.397344	0.556635	0.370362	0.205784	0.601507	0.524133	0.264822	0.204298	0.359753	0.2566	0.513808	0.28223	0.380185	0.522941	0.646477	1	0.149023	0.326009	0.525066	0.459105	0.404877	0.401548	0.481402	0.223956	0.479357	0.303959	0.266991	0.243286	0.933134	0.299616	0.292349	0.413828	0.43192	0.307687	0.468509	0.471221	0.947203	0.321152	0.876591	0.587506	0.631366	0.710188	0.378355	0.286456	0.441356	0.59826	1	1	0.739449	0.496445	0.622543	0.566312	0.462226	1	0.203879	1	0.596038	1	0.679877	0.451627	0.671094	0.722835	0.34344	0.504233	0.624158	0.311119	0.403801	0.577689	0.464184	0.290043	0.299576	0.474483	1	0.453844	0.42287	0.77912	0.685585	0.285669	0.372652	0.447494	0.267137	1	0.917326	0.154677	0.478579	0.349941	0.526164	0.501161
SRR12162703	0.747511	0.698111	0.880367	0.748093	0.715901	0.650696	0.811416	0.756013	0.39396	0.369469	0.635995	0.554062	0.285846	0.620106	0	0.264146	0.857727	0.498116	0.717375	0.79536	0.854268	0.431642	0.879502	0.356964	0.651803	0.763203	0.847437	0.309313	0.837769	0.438562	0.966708	0.396706	0.366269	0.587834	0.769325	0.703767	0.307431	0.153621	0.653589	0.700312	0.381485	0.788688	0.565536	0.5152	0.698149	0.832013	0.227681	0.348541	0.80408	0.862437	0.764007	0.629864	0.874801	0.307929	0.561556	0.637612	0.378577	0.68903	0.830426	0.554593	0.711424	0.255743	0.912875	1	0.597156	0.501828	0.137971	0.827786	0.742128	0.756735	0.805037	0.717178	0.754935	0.705598	0.66912	0.677767	0.985626	0.545107	0.753756	0.789649	0.82371	0.504086	0.734451	0.805877	0.982585	0.722346	0.957743	0.878528	0.880785	0.903209	0.776123	0.494279	0.778318	0.844385	1	1	0.921371	0.83109	0.86821	0.806865	0.360573	1	0.655423	1	0.8718	1	0.888761	0.778419	0.899034	0.847738	0.766045	0.817127	0.896097	0.587404	0.771387	0.835614	0.7477	0.681249	0.717098	0.821143	1	0.775309	0.413657	0.930345	0.845911	0.642483	0.734177	0.811445	0.674987	1	0.967457	0.645259	0.739233	0.713089	0.815006	0.821964
SRR12162712	0.765091	0.725749	0.872692	0.663736	0.665359	0.627852	0.799435	0.675939	0.382999	0.305296	0.57842	0.492196	0.323725	0.583214	0.264146	0	0.875196	0.442336	0.777844	0.657536	0.833928	0.564306	0.864185	0.258867	0.626454	0.715352	0.747996	0.28051	0.821088	0.579375	0.938986	0.406938	0.373077	0.545613	0.630238	0.680316	0.469238	0.379224	0.647991	0.755143	0.325899	0.784883	0.54274	0.421981	0.568213	0.825356	0.418292	0.407039	0.779268	0.845402	0.732753	0.658251	0.866149	0.088846	0.570362	0.638785	0.461622	0.677407	0.796217	0.639598	0.740677	0.308993	0.871367	1	0.530746	0.607212	0.324746	0.818089	0.743896	0.751867	0.725893	0.685753	0.775217	0.680171	0.637261	0.655011	0.986248	0.629454	0.714251	0.756062	0.793951	0.511484	0.767072	0.7951	0.982291	0.723996	0.956955	0.855197	0.879077	0.895514	0.698009	0.489018	0.766281	0.841533	1	1	0.9156	0.816957	0.854907	0.819865	0.29672	1	0.571362	1	0.857521	1	0.881499	0.763502	0.819528	0.887719	0.745712	0.818698	0.856296	0.666232	0.757373	0.845216	0.743609	0.67274	0.712377	0.794021	1	0.785551	0.390971	0.919079	0.873893	0.655998	0.753174	0.79376	0.623801	1	0.966962	0.603315	0.773429	0.709638	0.8231	0.809092
SRR12162681	0.408579	0.470301	0.295187	0.559042	0.560392	0.648302	0.410483	0.576607	0.786994	0.796767	0.670108	0.69692	0.814876	0.671181	0.857727	0.875196	0	0.750215	0.502739	0.581942	0.288763	0.712693	0.273938	0.872316	0.544976	0.507142	0.442394	0.82368	0.343759	0.743792	0.676239	0.785744	0.801372	0.67309	0.645222	0.548375	0.777055	0.815543	0.656893	0.508002	0.849736	0.53028	0.692586	0.737999	0.694159	0.366828	0.893849	0.768663	0.434906	0.26918	0.461635	0.608192	0.277274	0.848946	0.65734	0.527626	0.748113	0.507931	0.311208	0.630038	0.473765	0.838169	0.387157	1	0.68908	0.647846	0.825131	0.367581	0.539838	0.423237	0.477116	0.564542	0.393673	0.532098	0.619331	0.599716	0.81903	0.651214	0.505442	0.448363	0.40869	0.748592	0.435681	0.379381	0.816221	0.465963	0.630977	0.286499	0.267876	0.299825	0.519165	0.747033	0.386981	0.354867	1	1	0.361056	0.388984	0.254371	0.236316	0.832387	1	0.648664	1	0.25408	1	0.241571	0.468947	0.430643	0.252555	0.476707	0.395978	0.314116	0.60054	0.510118	0.332203	0.702562	0.682706	0.479117	0.391532	1	0.38482	0.802543	0.436813	0.19968	0.609878	0.531322	0.413712	0.626089	1	0.698347	0.646254	0.424589	0.60006	0.379144	0.448848
SRR12162533	0.55986	0.492559	0.722603	0.442211	0.369741	0.310993	0.603748	0.465225	0.265289	0.231567	0.238548	0.244316	0.340429	0.235223	0.498116	0.442336	0.750215	0	0.588845	0.545546	0.655144	0.333277	0.696888	0.394302	0.379318	0.434973	0.612648	0.332136	0.632563	0.34898	0.860079	0.29557	0.32463	0.210315	0.503976	0.396025	0.436987	0.42389	0.311734	0.548954	0.336262	0.500902	0.196979	0.184755	0.404439	0.648438	0.673735	0.243191	0.516253	0.667943	0.504082	0.359992	0.69585	0.372918	0.289036	0.346694	0.265045	0.404939	0.614981	0.364965	0.526684	0.44708	0.710834	1	0.182645	0.351912	0.412783	0.599139	0.49681	0.530811	0.570841	0.369077	0.584143	0.393399	0.329542	0.345726	0.963832	0.359716	0.426016	0.516734	0.547574	0.166503	0.567797	0.584896	0.960141	0.489725	0.906081	0.705277	0.742955	0.770915	0.483455	0.129849	0.559326	0.675494	1	1	0.814089	0.591703	0.699465	0.656779	0.291196	1	0.291738	1	0.679517	1	0.748988	0.53044	0.722778	0.789645	0.456952	0.625781	0.686333	0.410593	0.520878	0.662706	0.541685	0.372782	0.420789	0.571617	1	0.581402	0.255094	0.82652	0.755927	0.395421	0.49557	0.56659	0.358481	1	0.951589	0.267557	0.581788	0.44641	0.629231	0.590376
SRR12162539	0.214572	0.202604	0.560063	0.369834	0.355792	0.439997	0.342375	0.369602	0.637897	0.62711	0.488917	0.540781	0.620535	0.437637	0.717375	0.777844	0.502739	0.588845	0	0.440778	0.479042	0.46576	0.557694	0.76505	0.356602	0.325381	0.51879	0.633034	0.439952	0.468231	0.859536	0.560968	0.606413	0.491795	0.454097	0.294091	0.560732	0.636907	0.393677	0.0726425	0.729078	0.415466	0.50129	0.598589	0.505186	0.370226	0.777008	0.505797	0.416873	0.492924	0.31442	0.269931	0.545437	0.738367	0.361575	0.355562	0.47877	0.327106	0.452959	0.326915	0.130311	0.665226	0.678901	1	0.469753	0.39049	0.635465	0.408759	0.331277	0.256102	0.423908	0.318241	0.236557	0.330361	0.395158	0.398198	0.885607	0.329369	0.321911	0.404836	0.444939	0.560552	0.137131	0.422247	0.910258	0.183073	0.802595	0.501433	0.511977	0.646996	0.363595	0.583892	0.323065	0.512593	1	1	0.640912	0.501631	0.55312	0.401071	0.669916	1	0.470632	1	0.565285	1	0.610189	0.373378	0.637448	0.392701	0.374728	0.39505	0.614928	0.269967	0.341131	0.478429	0.475124	0.472166	0.258948	0.469371	1	0.302937	0.642455	0.716419	0.412533	0.38733	0.286399	0.422782	0.4344	1	0.839771	0.451409	0.189552	0.364654	0.418085	0.475495
SRR12162638	0.359553	0.399924	0.583414	0.218216	0.319689	0.492805	0.419769	0.217363	0.536793	0.597584	0.417687	0.420828	0.663131	0.468501	0.79536	0.657536	0.581942	0.545546	0.440778	0	0.474751	0.638758	0.558254	0.677749	0.33741	0.289004	0.234747	0.6072	0.466049	0.660776	0.745431	0.535435	0.569559	0.462573	0.0986685	0.397216	0.706168	0.743262	0.470282	0.423191	0.720948	0.452822	0.502626	0.453102	0.187654	0.460646	0.85042	0.665763	0.382538	0.48865	0.310238	0.491215	0.557308	0.619451	0.463071	0.441948	0.644451	0.388739	0.405314	0.543646	0.371907	0.642658	0.562354	1	0.450554	0.546079	0.75558	0.464413	0.3724	0.365127	0.23328	0.370022	0.381206	0.387514	0.444419	0.376588	0.929539	0.538905	0.292139	0.326916	0.391433	0.588309	0.34902	0.444838	0.925404	0.372146	0.831446	0.503133	0.573709	0.632308	0.183906	0.580966	0.362224	0.519268	1	1	0.681835	0.482488	0.522565	0.462851	0.707585	1	0.325484	1	0.537264	1	0.594952	0.380441	0.400426	0.645453	0.350816	0.477161	0.507659	0.503144	0.360487	0.513538	0.548863	0.526056	0.366223	0.413694	1	0.401915	0.666406	0.708284	0.599775	0.496998	0.365295	0.424893	0.328232	1	0.906573	0.410255	0.37601	0.416381	0.481486	0.475285
SRR12162500	0.356919	0.417085	0.208402	0.437661	0.412475	0.535739	0.213625	0.436786	0.759676	0.750013	0.559398	0.656503	0.775118	0.546171	0.854268	0.833928	0.288763	0.655144	0.479042	0.474751	0	0.720307	0.157894	0.815901	0.499869	0.329304	0.292464	0.782882	0.0885273	0.755095	0.672547	0.759881	0.775227	0.564064	0.516486	0.402397	0.769846	0.811831	0.538428	0.469766	0.784972	0.378542	0.581798	0.680622	0.593187	0.186003	0.903615	0.741692	0.232735	0.0924844	0.332826	0.540097	0.180175	0.810679	0.609659	0.465555	0.720458	0.420475	0.189235	0.615368	0.379368	0.803859	0.365431	1	0.570527	0.613155	0.822121	0.171615	0.418663	0.337847	0.382584	0.386939	0.340667	0.412517	0.505511	0.451737	0.789894	0.627316	0.344665	0.264384	0.189342	0.672054	0.433392	0.25012	0.837288	0.378144	0.669179	0.220716	0.237769	0.295972	0.372289	0.653795	0.275805	0.204301	1	1	0.337627	0.223764	0.147764	0.243053	0.772753	1	0.53846	1	0.177936	1	0.252262	0.324683	0.417787	0.399259	0.307904	0.233037	0.306456	0.58047	0.343441	0.174135	0.653003	0.597821	0.388581	0.189405	1	0.298496	0.742295	0.408077	0.320784	0.589326	0.40444	0.213804	0.515964	1	0.805179	0.500271	0.375525	0.489105	0.233946	0.282722
SRR12162617	0.556868	0.4914	0.782898	0.582386	0.547396	0.464757	0.666196	0.599564	0.386307	0.397366	0.476989	0.341727	0.285765	0.447336	0.431642	0.564306	0.712693	0.333277	0.46576	0.638758	0.720307	0	0.771343	0.55676	0.439013	0.598023	0.712653	0.379691	0.71006	0.0327073	0.914247	0.319668	0.385169	0.408716	0.605954	0.538319	0.173307	0.316335	0.515592	0.446409	0.502943	0.681244	0.391691	0.328754	0.535859	0.70472	0.500637	0.248275	0.666661	0.739492	0.595231	0.422647	0.776888	0.510871	0.259672	0.434774	0.171717	0.497243	0.679381	0.250897	0.491053	0.322445	0.814913	1	0.415997	0.234346	0.33642	0.70826	0.614367	0.587994	0.654068	0.553001	0.560534	0.545104	0.506547	0.517667	0.969122	0.23352	0.590651	0.63892	0.687927	0.350805	0.472265	0.68233	0.962139	0.543319	0.910282	0.757922	0.775933	0.806525	0.607291	0.343612	0.611696	0.745067	1	1	0.832984	0.722599	0.758539	0.647591	0.438146	1	0.480979	1	0.767868	1	0.781493	0.643289	0.78982	0.689962	0.619347	0.701823	0.777391	0.2848	0.619594	0.740082	0.567027	0.516844	0.527217	0.684156	1	0.63099	0.384382	0.851276	0.697138	0.43136	0.620708	0.678007	0.522411	1	0.929308	0.479909	0.533849	0.570991	0.707223	0.710728
SRR12162629	0.444934	0.507875	0.135697	0.539421	0.51376	0.583067	0.321481	0.537745	0.806853	0.787859	0.611679	0.715011	0.809566	0.61165	0.879502	0.864185	0.273938	0.696888	0.557694	0.558254	0.157894	0.771343	0	0.845083	0.583376	0.405365	0.390192	0.81658	0.194093	0.794593	0.695486	0.807135	0.818445	0.639478	0.596745	0.451479	0.812309	0.843502	0.566419	0.52519	0.819217	0.403181	0.653774	0.74048	0.666861	0.285222	0.920964	0.783482	0.291911	0.162523	0.398598	0.569495	0.0445197	0.837556	0.680769	0.548615	0.770006	0.522122	0.255555	0.641922	0.470237	0.834263	0.292331	1	0.646686	0.678491	0.852615	0.235056	0.496536	0.417756	0.481536	0.459758	0.418669	0.501196	0.575997	0.543106	0.776234	0.683594	0.403863	0.377345	0.2618	0.720218	0.526838	0.281806	0.809664	0.440636	0.621496	0.258178	0.162071	0.24995	0.477021	0.698742	0.370092	0.291652	1	1	0.296178	0.251606	0.146286	0.31667	0.810133	1	0.612901	1	0.0776212	1	0.204897	0.406356	0.457481	0.397847	0.374915	0.315925	0.29019	0.640802	0.398775	0.252261	0.708713	0.624545	0.450962	0.255583	1	0.372088	0.782073	0.327962	0.331878	0.657481	0.4757	0.270726	0.603232	1	0.770109	0.564207	0.452697	0.56177	0.312276	0.313755
SRR12162687	0.729064	0.693701	0.865968	0.65844	0.654041	0.528665	0.76402	0.674294	0.333716	0.227057	0.537318	0.439516	0.267978	0.523019	0.356964	0.258867	0.872316	0.394302	0.76505	0.677749	0.815901	0.55676	0.845083	0	0.633835	0.678781	0.761382	0.209886	0.800127	0.573621	0.932007	0.365442	0.327323	0.529912	0.650063	0.65178	0.444137	0.35733	0.601682	0.755196	0.0911343	0.717132	0.514773	0.37392	0.585715	0.810781	0.517727	0.395124	0.742006	0.820412	0.728616	0.634794	0.844806	0.195371	0.558842	0.606707	0.444753	0.643264	0.800626	0.625054	0.726277	0.260852	0.854024	1	0.52744	0.60341	0.295217	0.782667	0.726845	0.750893	0.745364	0.638092	0.779411	0.676396	0.639952	0.630287	0.975604	0.621692	0.680413	0.744219	0.757032	0.470699	0.76556	0.786321	0.980624	0.716256	0.952953	0.844247	0.872766	0.887957	0.669209	0.435534	0.757848	0.834927	1	1	0.898943	0.78805	0.849378	0.820814	0.282334	1	0.544365	1	0.839879	1	0.876378	0.754473	0.799936	0.893078	0.708933	0.814245	0.842041	0.65918	0.728343	0.838639	0.72684	0.598975	0.679233	0.776836	1	0.779978	0.343402	0.915313	0.878676	0.637141	0.737084	0.776141	0.622128	1	0.976573	0.560512	0.777475	0.687861	0.818649	0.784558
SRR12162637	0.337702	0.255026	0.599393	0.226485	0.215022	0.278043	0.442668	0.238064	0.491482	0.483654	0.215829	0.315695	0.523244	0.278037	0.651803	0.626454	0.544976	0.379318	0.356602	0.33741	0.499869	0.439013	0.583376	0.633835	0	0.272114	0.389191	0.537739	0.485452	0.474442	0.788466	0.466931	0.50816	0.266475	0.301249	0.24319	0.550384	0.565044	0.259379	0.304748	0.604548	0.441975	0.31162	0.395105	0.227298	0.494132	0.747432	0.465017	0.394783	0.53149	0.291602	0.201124	0.592169	0.573734	0.241388	0.157674	0.435151	0.198075	0.416695	0.28086	0.266622	0.576777	0.605509	1	0.262329	0.292772	0.586341	0.48638	0.361703	0.325263	0.316473	0.257682	0.336834	0.268557	0.232798	0.212441	0.94761	0.299981	0.268019	0.329641	0.424605	0.420111	0.310326	0.421968	0.936669	0.271662	0.854391	0.558904	0.619784	0.662059	0.294716	0.417271	0.349178	0.535143	1	1	0.722041	0.481949	0.557869	0.409527	0.572584	1	0.206839	1	0.571086	1	0.620638	0.376921	0.584497	0.576427	0.340158	0.474973	0.55637	0.26033	0.376366	0.534202	0.405728	0.323841	0.245317	0.419057	1	0.400427	0.52821	0.730879	0.566506	0.259431	0.371345	0.420807	0.168862	1	0.895434	0.213128	0.323185	0.306665	0.484482	0.475832
SRR12162613	0.230937	0.253136	0.47614	0.17474	0.168755	0.313164	0.270283	0.186628	0.598065	0.571957	0.313824	0.444473	0.613257	0.306845	0.763203	0.715352	0.507142	0.434973	0.325381	0.289004	0.329304	0.598023	0.405365	0.678781	0.272114	0	0.342292	0.623849	0.301334	0.624707	0.712233	0.598609	0.627818	0.363657	0.315768	0.176383	0.664416	0.699169	0.325549	0.321884	0.641257	0.286559	0.400943	0.481567	0.367903	0.324162	0.839784	0.596299	0.192988	0.345891	0.152845	0.332436	0.40957	0.671078	0.392986	0.275787	0.568817	0.217581	0.298241	0.431104	0.241789	0.659294	0.444957	1	0.349533	0.478653	0.714774	0.269116	0.218286	0.20161	0.282322	0.144943	0.274561	0.215978	0.297334	0.243222	0.885192	0.452692	0.0866314	0.172338	0.211912	0.505435	0.266886	0.274261	0.887738	0.194079	0.777689	0.412402	0.49719	0.538115	0.144093	0.479458	0.209805	0.403067	1	1	0.573674	0.311772	0.41414	0.368942	0.647239	1	0.282125	1	0.402627	1	0.496533	0.212122	0.497525	0.581898	0.164132	0.340192	0.422094	0.417325	0.173278	0.410753	0.475048	0.378218	0.17177	0.229071	1	0.269005	0.60545	0.633974	0.528216	0.371817	0.233296	0.245242	0.297632	1	0.876336	0.251102	0.282403	0.272621	0.353441	0.289988
SRR12162595	0.436194	0.477307	0.422788	0.280172	0.385813	0.569617	0.324426	0.263825	0.672113	0.680333	0.475907	0.570211	0.71782	0.536348	0.847437	0.747996	0.442394	0.612648	0.51879	0.234747	0.292464	0.712653	0.390192	0.761382	0.389191	0.342292	0	0.720441	0.286813	0.738766	0.643351	0.670886	0.695338	0.538646	0.309241	0.469855	0.768622	0.805738	0.546031	0.485693	0.778293	0.422867	0.583711	0.598216	0.401637	0.307558	0.89228	0.741196	0.291153	0.306027	0.347613	0.568126	0.393688	0.714558	0.534492	0.515235	0.72146	0.472854	0.219384	0.620569	0.431342	0.747184	0.391399	1	0.52193	0.613463	0.815844	0.297418	0.456974	0.407233	0.167384	0.433563	0.402769	0.468336	0.53712	0.443559	0.888089	0.625451	0.346656	0.293187	0.249883	0.675135	0.420204	0.317927	0.888286	0.437358	0.758038	0.335322	0.430713	0.488857	0.258624	0.649935	0.356977	0.369772	1	1	0.549838	0.321423	0.357555	0.324437	0.775081	1	0.414133	1	0.369062	1	0.452998	0.397371	0.287197	0.526257	0.366489	0.336661	0.348083	0.588343	0.421978	0.362889	0.640204	0.604388	0.425694	0.260226	1	0.371762	0.739267	0.579447	0.464645	0.588512	0.44474	0.30233	0.386667	1	0.865788	0.474266	0.434118	0.505282	0.329264	0.350118
SRR12162567	0.651229	0.597076	0.841304	0.601771	0.59166	0.469913	0.722831	0.62012	0.23474	0.113037	0.501253	0.31779	0.0864031	0.460102	0.309313	0.28051	0.82368	0.332136	0.633034	0.6072	0.782882	0.379691	0.81658	0.209886	0.537739	0.623849	0.720441	0	0.765005	0.396399	0.918583	0.208441	0.193436	0.462493	0.575667	0.588179	0.276823	0.221382	0.559177	0.615476	0.222448	0.719503	0.455448	0.250257	0.503294	0.775557	0.460975	0.211939	0.705363	0.787516	0.673141	0.524366	0.815382	0.206816	0.387123	0.526895	0.260067	0.57895	0.747998	0.43685	0.61621	0.140303	0.826586	1	0.439689	0.449102	0.215323	0.745476	0.684571	0.684846	0.695674	0.589876	0.689345	0.611635	0.559729	0.576467	0.971677	0.427663	0.627254	0.698837	0.719468	0.431923	0.637463	0.739843	0.976711	0.637308	0.943707	0.816166	0.845554	0.865298	0.611521	0.399468	0.699991	0.803757	1	1	0.879387	0.755969	0.821362	0.762463	0.262126	1	0.467718	1	0.810074	1	0.847188	0.706208	0.763898	0.806641	0.67105	0.773766	0.813722	0.473864	0.683361	0.80349	0.688112	0.587238	0.610584	0.737402	1	0.7197	0.335986	0.899084	0.805255	0.551328	0.688951	0.735836	0.568929	1	0.958143	0.49758	0.675788	0.641794	0.7774	0.748156
SRR12162511	0.311835	0.366902	0.243658	0.419962	0.388629	0.49258	0.157761	0.416487	0.745733	0.729918	0.533164	0.63086	0.75667	0.509484	0.837769	0.821088	0.343759	0.632563	0.439952	0.466049	0.0885273	0.71006	0.194093	0.800127	0.485452	0.301334	0.286813	0.765005	0	0.73782	0.732195	0.746055	0.75861	0.550729	0.504786	0.342791	0.749273	0.790918	0.487057	0.437473	0.767376	0.316746	0.562355	0.65747	0.575313	0.143363	0.895721	0.717933	0.192303	0.123364	0.300472	0.495927	0.191038	0.796494	0.5989	0.427234	0.698414	0.391352	0.175638	0.579098	0.333545	0.787479	0.412931	1	0.54972	0.599574	0.802371	0.111254	0.373507	0.302325	0.366382	0.349514	0.299866	0.376032	0.475779	0.428191	0.809451	0.59733	0.312653	0.248789	0.159709	0.643677	0.429663	0.181318	0.852045	0.324581	0.692699	0.26997	0.271672	0.362378	0.361722	0.62779	0.246738	0.195248	1	1	0.382302	0.171108	0.182827	0.218968	0.749278	1	0.519416	1	0.203224	1	0.321496	0.293027	0.469462	0.437312	0.266074	0.186589	0.380554	0.55011	0.294579	0.180786	0.6266	0.558569	0.357299	0.160146	1	0.248869	0.716271	0.455547	0.362698	0.563589	0.353	0.168928	0.492625	1	0.826978	0.474865	0.339465	0.445323	0.181039	0.222307
SRR12162690	0.57857	0.5066	0.804484	0.605504	0.573765	0.479217	0.689937	0.622171	0.400547	0.415927	0.495847	0.367281	0.303796	0.467579	0.438562	0.579375	0.743792	0.34898	0.468231	0.660776	0.755095	0.0327073	0.794593	0.573621	0.474442	0.624707	0.738766	0.396399	0.73782	0	0.934588	0.333864	0.399713	0.428898	0.629203	0.55297	0.175295	0.323084	0.516423	0.445947	0.521302	0.686701	0.4121	0.35618	0.553567	0.724165	0.503213	0.26272	0.697453	0.768749	0.6258	0.427112	0.794954	0.527402	0.277654	0.468408	0.190276	0.527892	0.709367	0.258698	0.505231	0.324708	0.839905	1	0.437307	0.261632	0.350473	0.728675	0.61552	0.6057	0.672044	0.579536	0.570818	0.563975	0.509991	0.542997	0.970021	0.232292	0.618831	0.669744	0.716387	0.352981	0.494575	0.694668	0.961541	0.556961	0.910129	0.789574	0.796551	0.830484	0.633528	0.357321	0.633152	0.7484	1	1	0.854968	0.732512	0.779314	0.673416	0.45013	1	0.499882	1	0.79178	1	0.804202	0.649603	0.806326	0.68506	0.648331	0.710967	0.809707	0.286015	0.634328	0.747998	0.563186	0.518456	0.553271	0.71483	1	0.638868	0.394853	0.870439	0.692366	0.43761	0.623493	0.707998	0.540275	1	0.928029	0.501777	0.539528	0.572039	0.712974	0.715644
SRR12162546	0.83305	0.848594	0.67931	0.727177	0.724708	0.887392	0.775746	0.718151	0.895037	0.90494	0.81767	0.864867	0.915152	0.828387	0.966708	0.938986	0.676239	0.860079	0.859536	0.745431	0.672547	0.914247	0.695486	0.932007	0.788466	0.712233	0.643351	0.918583	0.732195	0.934588	0	0.894762	0.906131	0.852229	0.781166	0.862587	0.943375	0.956327	0.89104	0.862355	0.933628	0.83953	0.877074	0.87534	0.819661	0.768303	0.976041	0.938721	0.700922	0.665155	0.764892	0.895728	0.705112	0.929666	0.827624	0.860678	0.927547	0.832441	0.64444	0.91004	0.833301	0.927044	0.382187	1	0.812407	0.892857	0.958091	0.762956	0.839922	0.816567	0.679706	0.789586	0.825643	0.837171	0.876311	0.762738	0.696266	0.90375	0.703077	0.657363	0.650895	0.92034	0.728777	0.794907	0.633876	0.851351	0.548874	0.567283	0.678866	0.580483	0.70768	0.897013	0.784573	0.750102	1	1	0.593789	0.77763	0.690806	0.776833	0.949916	1	0.794068	1	0.684957	1	0.615251	0.813713	0.541127	0.735067	0.765737	0.781586	0.422783	0.893583	0.83713	0.728021	0.895594	0.905381	0.788026	0.701608	1	0.80752	0.942737	0.564031	0.730985	0.881225	0.833638	0.739473	0.784538	1	0.563447	0.788597	0.834493	0.866012	0.775728	0.802571
SRR12162649	0.628308	0.551028	0.814592	0.527061	0.52822	0.488768	0.708433	0.54229	0.0595201	0.201203	0.431539	0.215256	0.249586	0.421569	0.396706	0.406938	0.785744	0.29557	0.560968	0.535435	0.759881	0.319668	0.807135	0.365442	0.466931	0.598609	0.670886	0.208441	0.746055	0.333864	0.894762	0	0.0788136	0.398484	0.480297	0.562531	0.303732	0.295885	0.492285	0.533446	0.371813	0.680006	0.387725	0.17921	0.416427	0.742102	0.565978	0.169146	0.678216	0.773669	0.633451	0.456555	0.806966	0.343619	0.311668	0.476636	0.1935	0.533696	0.708182	0.391196	0.561645	0.252861	0.804752	1	0.386685	0.395578	0.302577	0.730827	0.602455	0.63106	0.630551	0.559718	0.620216	0.554548	0.504033	0.48618	0.977354	0.366502	0.589304	0.638437	0.696604	0.339998	0.555032	0.707569	0.970414	0.586007	0.929819	0.784216	0.814613	0.836967	0.552709	0.324184	0.653215	0.751505	1	1	0.873809	0.73376	0.787351	0.714977	0.305147	1	0.386669	1	0.796057	1	0.816376	0.655746	0.703146	0.754264	0.632616	0.718187	0.772585	0.410776	0.650352	0.744333	0.627209	0.534407	0.562167	0.703514	1	0.657569	0.250558	0.886728	0.752553	0.4699	0.596657	0.70118	0.469654	1	0.945568	0.434178	0.597708	0.565716	0.714157	0.720254
SRR12162647	0.649025	0.577602	0.825782	0.565567	0.563813	0.5233	0.723192	0.580617	0.0805613	0.168055	0.47421	0.263309	0.242312	0.454631	0.366269	0.373077	0.801372	0.32463	0.606413	0.569559	0.775227	0.385169	0.818445	0.327323	0.50816	0.627818	0.695338	0.193436	0.75861	0.399713	0.906131	0.0788136	0	0.430299	0.520631	0.588497	0.2922	0.283464	0.528447	0.590241	0.32951	0.703073	0.412569	0.226705	0.460314	0.753053	0.552574	0.210955	0.695374	0.786359	0.653339	0.494279	0.813089	0.310263	0.383203	0.511944	0.258153	0.56697	0.733562	0.461225	0.587755	0.248241	0.824686	1	0.419531	0.445674	0.273486	0.743472	0.638577	0.657626	0.663346	0.585306	0.654813	0.585874	0.545417	0.526322	0.973099	0.437745	0.613119	0.670289	0.716074	0.368174	0.602012	0.728605	0.973676	0.610595	0.937342	0.790868	0.819437	0.852493	0.585917	0.350781	0.678651	0.776132	1	1	0.879658	0.759372	0.805277	0.74142	0.260314	1	0.434316	1	0.806296	1	0.834214	0.686993	0.732001	0.77904	0.6579	0.73822	0.794291	0.479156	0.675659	0.762295	0.657373	0.570872	0.590015	0.730314	1	0.677469	0.2677	0.897832	0.77748	0.511976	0.627259	0.722259	0.510756	1	0.951589	0.473389	0.63307	0.603787	0.734541	0.747192
